3015.73,246.78,26.42,1196.17,1197.01
3015.73,246.78,26.42,1196.17,1197.01
3015.73,246.78,26.42,1196.17,1197.01
10.33,246.78,26.42,1196.17,1197.01
10.33,770.76,26.42,1196.17,1197.01
10.33,770.76,26.46,1196.17,1197.01
10.33,770.76,26.46,1197.01,1197.01
10.33,770.76,26.46,1197.01,1196.99
10.33,770.76,26.46,1197.01,1196.99
10.33,770.76,26.46,1197.01,1196.99
10.33,770.76,26.46,1197.01,1196.99
3292.40,770.76,26.46,1197.01,1196.99
3292.40,249.30,26.46,1197.01,1196.99
3292.40,249.30,26.48,1197.01,1196.99
3292.40,249.30,26.48,1197.41,1196.99
3292.40,249.30,26.48,1197.41,1198.20
3292.40,249.30,26.48,1197.41,1198.20
3292.40,249.30,26.48,1197.41,1198.20
3292.40,249.30,26.48,1197.41,1198.20
3292.58,249.30,26.48,1197.41,1198.20
3292.58,243.46,26.48,1197.41,1198.20
3292.58,243.46,26.48,1197.41,1198.20
3292.58,243.46,26.48,1197.01,1198.20
3292.58,243.46,26.48,1197.01,1197.95
3292.58,243.46,26.48,1197.01,1197.95
3292.58,243.46,26.48,1197.01,1197.95
3292.58,243.46,26.48,1197.01,1197.95
3292.72,243.46,26.48,1197.01,1197.95
3292.72,243.41,26.48,1197.01,1197.95
3292.72,243.41,26.51,1197.01,1197.95
3292.72,243.41,26.51,1197.01,1197.95
3292.72,243.41,26.51,1197.01,1196.42
3292.72,243.41,26.51,1197.01,1196.42
3292.72,243.41,26.51,1197.01,1196.42
3292.72,243.41,26.51,1197.01,1196.42
3292.54,243.41,26.51,1197.01,1196.42
3292.54,243.26,26.51,1197.01,1196.42
3292.54,243.26,26.54,1197.01,1196.42
3292.54,243.26,26.54,1196.94,1196.42
3292.54,243.26,26.54,1196.94,1197.04
3292.54,243.26,26.54,1196.94,1197.04
3292.54,243.26,26.54,1196.94,1197.04
3292.54,243.26,26.54,1196.94,1197.04
3292.41,243.26,26.54,1196.94,1197.04
3292.41,243.06,26.54,1196.94,1197.04
3292.41,243.06,26.51,1196.94,1197.04
3292.41,243.06,26.51,1197.29,1197.04
3292.41,243.06,26.51,1197.29,1196.85
3292.41,243.06,26.51,1197.29,1196.85
3292.41,243.06,26.51,1197.29,1196.85
3292.41,243.06,26.51,1197.29,1196.85
3292.41,243.06,26.51,1197.29,1196.85
3292.41,242.92,26.51,1197.29,1196.85
3292.41,242.92,26.52,1197.29,1196.85
3292.41,242.92,26.52,1197.16,1196.85
3292.41,242.92,26.52,1197.16,1196.97
3292.41,242.92,26.52,1197.16,1196.97
3292.41,242.92,26.52,1197.16,1196.97
3292.41,242.92,26.52,1197.16,1196.97
3292.28,242.92,26.52,1197.16,1196.97
3292.28,242.95,26.52,1197.16,1196.97
3292.28,242.95,26.51,1197.16,1196.97
3292.28,242.95,26.51,1196.49,1196.97
3292.28,242.95,26.51,1196.49,1197.11
3292.28,242.95,26.51,1196.49,1197.11
3292.28,242.95,26.51,1196.49,1197.11
3292.28,242.95,26.51,1196.49,1197.11
3292.44,242.95,26.51,1196.49,1197.11
3292.44,242.81,26.51,1196.49,1197.11
3292.44,242.81,26.52,1196.49,1197.11
3292.44,242.81,26.52,1196.84,1197.11
3292.44,242.81,26.52,1196.84,1196.97
3292.44,242.81,26.52,1196.84,1196.97
3292.44,242.81,26.52,1196.84,1196.97
3292.44,242.81,26.52,1196.84,1196.97
3292.46,242.81,26.52,1196.84,1196.97
3292.46,242.78,26.52,1196.84,1196.97
3292.46,242.78,26.54,1196.84,1196.97
3292.46,242.78,26.54,1196.72,1196.97
3292.46,242.78,26.54,1196.72,1197.04
3292.46,242.78,26.54,1196.72,1197.04
3292.46,242.78,26.54,1196.72,1197.04
3292.46,242.78,26.54,1196.72,1197.04
3292.50,242.78,26.54,1196.72,1197.04
3292.50,242.66,26.54,1196.72,1197.04
3292.50,242.66,26.53,1196.72,1197.04
3292.50,242.66,26.53,1197.22,1197.04
3292.50,242.66,26.53,1197.22,1197.16
3292.50,242.66,26.53,1197.22,1197.16
3292.50,242.66,26.53,1197.22,1197.16
3292.50,242.66,26.53,1197.22,1197.16
3292.66,242.66,26.53,1197.22,1197.16
3292.66,242.63,26.53,1197.22,1197.16
3292.66,242.63,26.53,1197.22,1197.16
3292.66,242.63,26.53,1197.09,1197.16
3292.66,242.63,26.53,1197.09,1196.96
3292.66,242.63,26.53,1197.09,1196.96
3292.66,242.63,26.53,1197.09,1196.96
3292.66,242.63,26.53,1197.09,1196.96
3292.47,242.63,26.53,1197.09,1196.96
3292.47,242.53,26.53,1197.09,1196.96
3292.47,242.53,26.54,1197.09,1196.96
3292.47,242.53,26.54,1197.01,1196.96
3292.47,242.53,26.54,1197.01,1197.13
3292.47,242.53,26.54,1197.01,1197.13
3292.47,242.53,26.54,1197.01,1197.13
3292.47,242.53,26.54,1197.01,1197.13
3292.57,242.53,26.54,1197.01,1197.13
3292.57,242.40,26.54,1197.01,1197.13
3292.57,242.40,26.55,1197.01,1197.13
3292.57,242.40,26.55,1196.88,1197.13
3292.57,242.40,26.55,1196.88,1197.14
3292.57,242.40,26.55,1196.88,1197.14
3292.57,242.40,26.55,1196.88,1197.14
3292.57,242.40,26.55,1196.88,1197.14
3292.71,242.40,26.55,1196.88,1197.14
3292.71,242.28,26.55,1196.88,1197.14
3292.71,242.28,26.55,1196.88,1197.14
3292.71,242.28,26.55,1197.23,1197.14
3292.71,242.28,26.55,1197.23,1197.14
3292.71,242.28,26.55,1197.23,1197.14
3292.71,242.28,26.55,1197.23,1197.14
3292.71,242.28,26.55,1197.23,1197.14
3292.63,242.28,26.55,1197.23,1197.14
3292.63,242.42,26.55,1197.23,1197.14
3292.63,242.42,26.54,1197.23,1197.14
3292.63,242.42,26.54,1197.18,1197.14
3292.63,242.42,26.54,1197.18,1198.22
3292.63,242.42,26.54,1197.18,1198.22
3292.63,242.42,26.54,1197.18,1198.22
3292.63,242.42,26.54,1197.18,1198.22
3292.17,242.42,26.54,1197.18,1198.22
3292.17,242.37,26.54,1197.18,1198.22
3292.17,242.37,26.51,1197.18,1198.22
3292.17,242.37,26.51,1197.58,1198.22
3292.17,242.37,26.51,1197.58,1197.20
3292.17,242.37,26.51,1197.58,1197.20
3292.17,242.37,26.51,1197.58,1197.20
3292.17,242.37,26.51,1197.58,1197.20
3292.47,242.37,26.51,1197.58,1197.20
3292.47,242.29,26.51,1197.58,1197.20
3292.47,242.29,26.52,1197.58,1197.20
3292.47,242.29,26.52,1197.55,1197.20
3292.47,242.29,26.52,1197.55,1197.50
3292.47,242.29,26.52,1197.55,1197.50
3292.47,242.29,26.52,1197.55,1197.50
3292.47,242.29,26.52,1197.55,1197.50
3292.59,242.29,26.52,1197.55,1197.50
3292.59,242.16,26.52,1197.55,1197.50
3292.59,242.16,26.53,1197.55,1197.50
3292.59,242.16,26.53,1197.05,1197.50
3292.59,242.16,26.53,1197.05,1197.33
3292.59,242.16,26.53,1197.05,1197.33
3292.59,242.16,26.53,1197.05,1197.33
3292.59,242.16,26.53,1197.05,1197.33
3292.60,242.16,26.53,1197.05,1197.33
3292.60,242.07,26.53,1197.05,1197.33
3292.60,242.07,26.53,1197.05,1197.33
3292.60,242.07,26.53,1197.18,1197.33
3292.60,242.07,26.53,1197.18,1197.26
3292.60,242.07,26.53,1197.18,1197.26
3292.60,242.07,26.53,1197.18,1197.26
3292.60,242.07,26.53,1197.18,1197.26
3292.66,242.07,26.53,1197.18,1197.26
3292.66,294.79,26.53,1197.18,1197.26
3292.66,294.79,26.49,1197.18,1197.26
3292.66,294.79,26.49,1197.41,1197.26
3292.66,294.79,26.49,1197.41,1197.17
3292.66,294.79,26.49,1197.41,1197.17
3292.66,294.79,26.49,1197.41,1197.17
3292.66,294.79,26.49,1197.41,1197.17
3292.57,294.79,26.49,1197.41,1197.17
3292.57,241.93,26.49,1197.41,1197.17
3292.57,241.93,26.50,1197.41,1197.17
3292.57,241.93,26.50,1197.40,1197.17
3292.57,241.93,26.50,1197.40,1197.01
3292.57,241.93,26.50,1197.40,1197.01
3292.57,241.93,26.50,1197.40,1197.01
3292.57,241.93,26.50,1197.40,1197.01
3292.63,241.93,26.50,1197.40,1197.01
3292.63,241.97,26.50,1197.40,1197.01
3292.63,241.97,26.53,1197.40,1197.01
3292.63,241.97,26.53,1197.48,1197.01
3292.63,241.97,26.53,1197.48,1197.20
3292.63,241.97,26.53,1197.48,1197.20
3292.63,241.97,26.53,1197.48,1197.20
3292.63,241.97,26.53,1197.48,1197.20
3292.70,241.97,26.53,1197.48,1197.20
3292.70,242.02,26.53,1197.48,1197.20
3292.70,242.02,26.56,1197.48,1197.20
3292.70,242.02,26.56,1197.35,1197.20
3292.70,242.02,26.56,1197.35,1197.82
3292.70,242.02,26.56,1197.35,1197.82
3292.70,242.02,26.56,1197.35,1197.82
3292.70,242.02,26.56,1197.35,1197.82
3292.55,242.02,26.56,1197.35,1197.82
3292.55,241.37,26.56,1197.35,1197.82
3292.55,241.37,26.64,1197.35,1197.82
3292.55,241.37,26.64,1197.46,1197.82
3292.55,241.37,26.64,1197.46,1197.19
3292.55,241.37,26.64,1197.46,1197.19
3292.55,241.37,26.64,1197.46,1197.19
3292.55,241.37,26.64,1197.46,1197.19
3292.80,241.37,26.64,1197.46,1197.19
3292.80,241.35,26.64,1197.46,1197.19
3292.80,241.35,26.62,1197.46,1197.19
3292.80,241.35,26.62,1197.68,1197.19
3292.80,241.35,26.62,1197.68,1197.34
3292.80,241.35,26.62,1197.68,1197.34
3292.80,241.35,26.62,1197.68,1197.34
3292.80,241.35,26.62,1197.68,1197.34
3292.73,241.35,26.62,1197.68,1197.34
3292.73,241.48,26.62,1197.68,1197.34
3292.73,241.48,26.62,1197.68,1197.34
3292.73,241.48,26.62,1197.30,1197.34
3292.73,241.48,26.62,1197.30,1197.59
3292.73,241.48,26.62,1197.30,1197.59
3292.73,241.48,26.62,1197.30,1197.59
3292.73,241.48,26.62,1197.30,1197.59
3292.75,241.48,26.62,1197.30,1197.59
3292.75,241.42,26.62,1197.30,1197.59
3292.75,241.42,26.63,1197.30,1197.59
3292.75,241.42,26.63,1197.08,1197.59
3292.75,241.42,26.63,1197.08,1197.47
3292.75,241.42,26.63,1197.08,1197.47
3292.75,241.42,26.63,1197.08,1197.47
3292.75,241.42,26.63,1197.08,1197.47
3292.66,241.42,26.63,1197.08,1197.47
3292.66,241.86,26.63,1197.08,1197.47
3292.66,241.86,26.62,1197.08,1197.47
3292.66,241.86,26.62,1197.71,1197.47
3292.66,241.86,26.62,1197.71,1197.36
3292.66,241.86,26.62,1197.71,1197.36
3292.66,241.86,26.62,1197.71,1197.36
3292.66,241.86,26.62,1197.71,1197.36
3292.63,241.86,26.62,1197.71,1197.36
3292.63,241.56,26.62,1197.71,1197.36
3292.63,241.56,26.59,1197.71,1197.36
3292.63,241.56,26.59,1197.56,1197.36
3292.63,241.56,26.59,1197.56,1197.94
3292.63,241.56,26.59,1197.56,1197.94
3292.63,241.56,26.59,1197.56,1197.94
3292.63,241.56,26.59,1197.56,1197.94
3292.76,241.56,26.59,1197.56,1197.94
3292.76,240.73,26.59,1197.56,1197.94
3292.76,240.73,26.60,1197.56,1197.94
3292.76,240.73,26.60,1197.31,1197.94
3292.76,240.73,26.60,1197.31,1197.80
3292.76,240.73,26.60,1197.31,1197.80
3292.76,240.73,26.60,1197.31,1197.80
3292.76,240.73,26.60,1197.31,1197.80
3292.70,240.73,26.60,1197.31,1197.80
3292.70,241.33,26.60,1197.31,1197.80
3292.70,241.33,26.63,1197.31,1197.80
3292.70,241.33,26.63,1197.71,1197.80
3292.70,241.33,26.63,1197.71,1197.37
3292.70,241.33,26.63,1197.71,1197.37
3292.70,241.33,26.63,1197.71,1197.37
3292.70,241.33,26.63,1197.71,1197.37
3292.59,241.33,26.63,1197.71,1197.37
3292.59,240.89,26.63,1197.71,1197.37
3292.59,240.89,26.62,1197.71,1197.37
3292.59,240.89,26.62,1197.76,1197.37
3292.59,240.89,26.62,1197.76,1197.68
3292.59,240.89,26.62,1197.76,1197.68
3292.59,240.89,26.62,1197.76,1197.68
3292.59,240.89,26.62,1197.76,1197.68
3292.71,240.89,26.62,1197.76,1197.68
3292.71,240.69,26.62,1197.76,1197.68
3292.71,240.69,26.66,1197.76,1197.68
3292.71,240.69,26.66,1197.30,1197.68
3292.71,240.69,26.66,1197.30,1197.60
3292.71,240.69,26.66,1197.30,1197.60
3292.71,240.69,26.66,1197.30,1197.60
3292.71,240.69,26.66,1197.30,1197.60
3292.55,240.69,26.66,1197.30,1197.60
3292.55,240.35,26.66,1197.30,1197.60
3292.55,240.35,26.67,1197.30,1197.60
3292.55,240.35,26.67,1197.53,1197.60
3292.55,240.35,26.67,1197.53,1197.44
3292.55,240.35,26.67,1197.53,1197.44
3292.55,240.35,26.67,1197.53,1197.44
3292.55,240.35,26.67,1197.53,1197.44
3292.70,240.35,26.67,1197.53,1197.44
3292.70,240.35,26.67,1197.53,1197.44
3292.70,240.35,26.60,1197.53,1197.44
3292.70,240.35,26.60,1197.69,1197.44
3292.70,240.35,26.60,1197.69,1197.51
3292.70,240.35,26.60,1197.69,1197.51
3292.70,240.35,26.60,1197.69,1197.51
3292.70,240.35,26.60,1197.69,1197.51
3292.66,240.35,26.60,1197.69,1197.51
3292.66,239.56,26.60,1197.69,1197.51
3292.66,239.56,26.63,1197.69,1197.51
3292.66,239.56,26.63,1197.44,1197.51
3292.66,239.56,26.63,1197.44,1197.77
3292.66,239.56,26.63,1197.44,1197.77
3292.66,239.56,26.63,1197.44,1197.77
3292.66,239.56,26.63,1197.44,1197.77
3292.75,239.56,26.63,1197.44,1197.77
3292.75,239.55,26.63,1197.44,1197.77
3292.75,239.55,26.64,1197.44,1197.77
3292.75,239.55,26.64,1197.96,1197.77
3292.75,239.55,26.64,1197.96,1197.41
3292.75,239.55,26.64,1197.96,1197.41
3292.75,239.55,26.64,1197.96,1197.41
3292.75,239.55,26.64,1197.96,1197.41
3292.64,239.55,26.64,1197.96,1197.41
3292.64,239.45,26.64,1197.96,1197.41
3292.64,239.45,26.65,1197.96,1197.41
3292.64,239.45,26.65,1197.51,1197.41
3292.64,239.45,26.65,1197.51,1197.68
3292.64,239.45,26.65,1197.51,1197.68
3292.64,239.45,26.65,1197.51,1197.68
3292.64,239.45,26.65,1197.51,1197.68
3292.63,239.45,26.65,1197.51,1197.68
3292.63,239.53,26.65,1197.51,1197.68
3292.63,239.53,26.64,1197.51,1197.68
3292.63,239.53,26.64,1197.52,1197.68
3292.63,239.53,26.64,1197.52,1197.59
3292.63,239.53,26.64,1197.52,1197.59
3292.63,239.53,26.64,1197.52,1197.59
3292.63,239.53,26.64,1197.52,1197.59
3292.35,239.53,26.64,1197.52,1197.59
3292.35,239.51,26.64,1197.52,1197.59
3292.35,239.51,26.67,1197.52,1197.59
3292.35,239.51,26.67,1197.90,1197.59
3292.35,239.51,26.67,1197.90,1197.10
3292.35,239.51,26.67,1197.90,1197.10
3292.35,239.51,26.67,1197.90,1197.10
3292.35,239.51,26.67,1197.90,1197.10
3292.66,239.51,26.67,1197.90,1197.10
3292.66,239.42,26.67,1197.90,1197.10
3292.66,239.42,26.64,1197.90,1197.10
3292.66,239.42,26.64,1197.13,1197.10
3292.66,239.42,26.64,1197.13,1197.78
3292.66,239.42,26.64,1197.13,1197.78
3292.66,239.42,26.64,1197.13,1197.78
3292.66,239.42,26.64,1197.13,1197.78
3292.58,239.42,26.64,1197.13,1197.78
3292.58,239.34,26.64,1197.13,1197.78
3292.58,239.34,26.65,1197.13,1197.78
3292.58,239.34,26.65,1197.67,1197.78
3292.58,239.34,26.65,1197.67,1197.45
3292.58,239.34,26.65,1197.67,1197.45
3292.58,239.34,26.65,1197.67,1197.45
3292.58,239.34,26.65,1197.67,1197.45
3292.65,239.34,26.65,1197.67,1197.45
3292.65,239.33,26.65,1197.67,1197.45
3292.65,239.33,26.60,1197.67,1197.45
3292.65,239.33,26.60,1197.77,1197.45
3292.65,239.33,26.60,1197.77,1197.44
3292.65,239.33,26.60,1197.77,1197.44
3292.65,239.33,26.60,1197.77,1197.44
3292.65,239.33,26.60,1197.77,1197.44
3292.43,239.33,26.60,1197.77,1197.44
3292.43,239.40,26.60,1197.77,1197.44
3292.43,239.40,26.61,1197.77,1197.44
3292.43,239.40,26.61,1197.67,1197.44
3292.43,239.40,26.61,1197.67,1197.44
3292.43,239.40,26.61,1197.67,1197.44
3292.43,239.40,26.61,1197.67,1197.44
3292.43,239.40,26.61,1197.67,1197.44
3292.61,239.40,26.61,1197.67,1197.44
3292.61,239.29,26.61,1197.67,1197.44
3292.61,239.29,26.61,1197.67,1197.44
3292.61,239.29,26.61,1197.68,1197.44
3292.61,239.29,26.61,1197.68,1197.87
3292.61,239.29,26.61,1197.68,1197.87
3292.61,239.29,26.61,1197.68,1197.87
3292.61,239.29,26.61,1197.68,1197.87
3292.90,239.29,26.61,1197.68,1197.87
3292.90,239.24,26.61,1197.68,1197.87
3292.90,239.24,26.59,1197.68,1197.87
3292.90,239.24,26.59,1197.52,1197.87
3292.90,239.24,26.59,1197.52,1197.50
3292.90,239.24,26.59,1197.52,1197.50
3292.90,239.24,26.59,1197.52,1197.50
3292.90,239.24,26.59,1197.52,1197.50
3292.66,239.24,26.59,1197.52,1197.50
3292.66,239.10,26.59,1197.52,1197.50
3292.66,239.10,26.63,1197.52,1197.50
3292.66,239.10,26.63,1198.14,1197.50
3292.66,239.10,26.63,1198.14,1197.65
3292.66,239.10,26.63,1198.14,1197.65
3292.66,239.10,26.63,1198.14,1197.65
3292.66,239.10,26.63,1198.14,1197.65
3292.69,239.10,26.63,1198.14,1197.65
3292.69,239.07,26.63,1198.14,1197.65
3292.69,239.07,26.62,1198.14,1197.65
3292.69,239.07,26.62,1197.83,1197.65
3292.69,239.07,26.62,1197.83,1197.56
3292.69,239.07,26.62,1197.83,1197.56
3292.69,239.07,26.62,1197.83,1197.56
3292.69,239.07,26.62,1197.83,1197.56
3292.70,239.07,26.62,1197.83,1197.56
3292.70,238.97,26.62,1197.83,1197.56
3292.70,238.97,26.62,1197.83,1197.56
3292.70,238.97,26.62,1197.73,1197.56
3292.70,238.97,26.62,1197.73,1197.62
3292.70,238.97,26.62,1197.73,1197.62
3292.70,238.97,26.62,1197.73,1197.62
3292.70,238.97,26.62,1197.73,1197.62
3292.91,238.97,26.62,1197.73,1197.62
3292.91,238.94,26.62,1197.73,1197.62
3292.91,238.94,26.61,1197.73,1197.62
3292.91,238.94,26.61,1197.43,1197.62
3292.91,238.94,26.61,1197.43,1197.88
3292.91,238.94,26.61,1197.43,1197.88
3292.91,238.94,26.61,1197.43,1197.88
3292.91,238.94,26.61,1197.43,1197.88
3292.84,238.94,26.61,1197.43,1197.88
3292.84,238.90,26.61,1197.43,1197.88
3292.84,238.90,26.60,1197.43,1197.88
3292.84,238.90,26.60,1197.73,1197.88
3292.84,238.90,26.60,1197.73,1197.83
3292.84,238.90,26.60,1197.73,1197.83
3292.84,238.90,26.60,1197.73,1197.83
3292.84,238.90,26.60,1197.73,1197.83
3292.83,238.90,26.60,1197.73,1197.83
3292.83,238.88,26.60,1197.73,1197.83
3292.83,238.88,26.62,1197.73,1197.83
3292.83,238.88,26.62,1197.85,1197.83
3292.83,238.88,26.62,1197.85,1198.00
3292.83,238.88,26.62,1197.85,1198.00
3292.83,238.88,26.62,1197.85,1198.00
3292.83,238.88,26.62,1197.85,1198.00
3292.70,238.88,26.62,1197.85,1198.00
3292.70,238.79,26.62,1197.85,1198.00
3292.70,238.79,26.63,1197.85,1198.00
3292.70,238.79,26.63,1197.82,1198.00
3292.70,238.79,26.63,1197.82,1197.95
3292.70,238.79,26.63,1197.82,1197.95
3292.70,238.79,26.63,1197.82,1197.95
3292.70,238.79,26.63,1197.82,1197.95
3292.65,238.79,26.63,1197.82,1197.95
3292.65,238.76,26.63,1197.82,1197.95
3292.65,238.76,26.63,1197.82,1197.95
3292.65,238.76,26.63,1197.78,1197.95
3292.65,238.76,26.63,1197.78,1197.67
3292.65,238.76,26.63,1197.78,1197.67
3292.65,238.76,26.63,1197.78,1197.67
3292.65,238.76,26.63,1197.78,1197.67
3292.75,238.76,26.63,1197.78,1197.67
3292.75,238.76,26.63,1197.78,1197.67
3292.75,238.76,26.63,1197.78,1197.67
3292.75,238.76,26.63,1197.87,1197.67
3292.75,238.76,26.63,1197.87,1197.76
3292.75,238.76,26.63,1197.87,1197.76
3292.75,238.76,26.63,1197.87,1197.76
3292.75,238.76,26.63,1197.87,1197.76
3292.79,238.76,26.63,1197.87,1197.76
3292.79,238.74,26.63,1197.87,1197.76
3292.79,238.74,26.63,1197.87,1197.76
3292.79,238.74,26.63,1197.73,1197.76
3292.79,238.74,26.63,1197.73,1197.93
3292.79,238.74,26.63,1197.73,1197.93
3292.79,238.74,26.63,1197.73,1197.93
3292.79,238.74,26.63,1197.73,1197.93
3292.56,238.74,26.63,1197.73,1197.93
3292.56,238.70,26.63,1197.73,1197.93
3292.56,238.70,26.64,1197.73,1197.93
3292.56,238.70,26.64,1197.80,1197.93
3292.56,238.70,26.64,1197.80,1197.56
3292.56,238.70,26.64,1197.80,1197.56
3292.56,238.70,26.64,1197.80,1197.56
3292.56,238.70,26.64,1197.80,1197.56
3292.79,238.70,26.64,1197.80,1197.56
3292.79,238.66,26.64,1197.80,1197.56
3292.79,238.66,26.63,1197.80,1197.56
3292.79,238.66,26.63,1197.33,1197.56
3292.79,238.66,26.63,1197.33,1197.90
3292.79,238.66,26.63,1197.33,1197.90
3292.79,238.66,26.63,1197.33,1197.90
3292.79,238.66,26.63,1197.33,1197.90
3292.70,238.66,26.63,1197.33,1197.90
3292.70,238.72,26.63,1197.33,1197.90
3292.70,238.72,26.61,1197.33,1197.90
3292.70,238.72,26.61,1197.73,1197.90
3292.70,238.72,26.61,1197.73,1197.37
3292.70,238.72,26.61,1197.73,1197.37
3292.70,238.72,26.61,1197.73,1197.37
3292.70,238.72,26.61,1197.73,1197.37
3292.76,238.72,26.61,1197.73,1197.37
3292.76,238.64,26.61,1197.73,1197.37
3292.76,238.64,26.63,1197.73,1197.37
3292.76,238.64,26.63,1197.44,1197.37
3292.76,238.64,26.63,1197.44,1197.92
3292.76,238.64,26.63,1197.44,1197.92
3292.76,238.64,26.63,1197.44,1197.92
3292.76,238.64,26.63,1197.44,1197.92
3292.57,238.64,26.63,1197.44,1197.92
3292.57,238.61,26.63,1197.44,1197.92
3292.57,238.61,26.62,1197.44,1197.92
3292.57,238.61,26.62,1197.53,1197.92
3292.57,238.61,26.62,1197.53,1197.71
3292.57,238.61,26.62,1197.53,1197.71
3292.57,238.61,26.62,1197.53,1197.71
3292.57,238.61,26.62,1197.53,1197.71
3292.73,238.61,26.62,1197.53,1197.71
3292.73,238.55,26.62,1197.53,1197.71
3292.73,238.55,26.65,1197.53,1197.71
3292.73,238.55,26.65,1198.00,1197.71
3292.73,238.55,26.65,1198.00,1197.72
3292.73,238.55,26.65,1198.00,1197.72
3292.73,238.55,26.65,1198.00,1197.72
3292.73,238.55,26.65,1198.00,1197.72
3292.77,238.55,26.65,1198.00,1197.72
3292.77,238.49,26.65,1198.00,1197.72
3292.77,238.49,26.64,1198.00,1197.72
3292.77,238.49,26.64,1197.66,1197.72
3292.77,238.49,26.64,1197.66,1198.03
3292.77,238.49,26.64,1197.66,1198.03
3292.77,238.49,26.64,1197.66,1198.03
3292.77,238.49,26.64,1197.66,1198.03
3292.72,238.49,26.64,1197.66,1198.03
3292.72,238.48,26.64,1197.66,1198.03
3292.72,238.48,26.64,1197.66,1198.03
3292.72,238.48,26.64,1197.90,1198.03
3292.72,238.48,26.64,1197.90,1197.97
3292.72,238.48,26.64,1197.90,1197.97
3292.72,238.48,26.64,1197.90,1197.97
3292.72,238.48,26.64,1197.90,1197.97
3292.69,238.48,26.64,1197.90,1197.97
3292.69,238.54,26.64,1197.90,1197.97
3292.69,238.54,26.63,1197.90,1197.97
3292.69,238.54,26.63,1197.64,1197.97
3292.69,238.54,26.63,1197.64,1197.97
3292.69,238.54,26.63,1197.64,1197.97
3292.69,238.54,26.63,1197.64,1197.97
3292.69,238.54,26.63,1197.64,1197.97
3292.80,238.54,26.63,1197.64,1197.97
3292.80,238.45,26.63,1197.64,1197.97
3292.80,238.45,26.65,1197.64,1197.97
3292.80,238.45,26.65,1197.99,1197.97
3292.80,238.45,26.65,1197.99,1197.81
3292.80,238.45,26.65,1197.99,1197.81
3292.80,238.45,26.65,1197.99,1197.81
3292.80,238.45,26.65,1197.99,1197.81
3292.94,238.45,26.65,1197.99,1197.81
3292.94,238.41,26.65,1197.99,1197.81
3292.94,238.41,26.65,1197.99,1197.81
3292.94,238.41,26.65,1197.90,1197.81
3292.94,238.41,26.65,1197.90,1198.08
3292.94,238.41,26.65,1197.90,1198.08
3292.94,238.41,26.65,1197.90,1198.08
3292.94,238.41,26.65,1197.90,1198.08
3293.00,238.41,26.65,1197.90,1198.08
3293.00,238.36,26.65,1197.90,1198.08
3293.00,238.36,26.64,1197.90,1198.08
3293.00,238.36,26.64,1197.75,1198.08
3293.00,238.36,26.64,1197.75,1198.34
3293.00,238.36,26.64,1197.75,1198.34
3293.00,238.36,26.64,1197.75,1198.34
3293.00,238.36,26.64,1197.75,1198.34
3292.89,238.36,26.64,1197.75,1198.34
3292.89,238.32,26.64,1197.75,1198.34
3292.89,238.32,26.66,1197.75,1198.34
3292.89,238.32,26.66,1197.90,1198.34
3292.89,238.32,26.66,1197.90,1197.99
3292.89,238.32,26.66,1197.90,1197.99
3292.89,238.32,26.66,1197.90,1197.99
3292.89,238.32,26.66,1197.90,1197.99
3293.00,238.32,26.66,1197.90,1197.99
3293.00,238.24,26.66,1197.90,1197.99
3293.00,238.24,26.66,1197.90,1197.99
3293.00,238.24,26.66,1197.63,1197.99
3293.00,238.24,26.66,1197.63,1197.75
3293.00,238.24,26.66,1197.63,1197.75
3293.00,238.24,26.66,1197.63,1197.75
3293.00,238.24,26.66,1197.63,1197.75
3292.96,238.24,26.66,1197.63,1197.75
3292.96,238.28,26.66,1197.63,1197.75
3292.96,238.28,26.65,1197.63,1197.75
3292.96,238.28,26.65,1197.88,1197.75
3292.96,238.28,26.65,1197.88,1197.74
3292.96,238.28,26.65,1197.88,1197.74
3292.96,238.28,26.65,1197.88,1197.74
3292.96,238.28,26.65,1197.88,1197.74
3292.80,238.28,26.65,1197.88,1197.74
3292.80,238.20,26.65,1197.88,1197.74
3292.80,238.20,26.67,1197.88,1197.74
3292.80,238.20,26.67,1198.00,1197.74
3292.80,238.20,26.67,1198.00,1197.71
3292.80,238.20,26.67,1198.00,1197.71
3292.80,238.20,26.67,1198.00,1197.71
3292.80,238.20,26.67,1198.00,1197.71
3292.80,238.20,26.67,1198.00,1197.71
3292.80,238.21,26.67,1198.00,1197.71
3292.80,238.21,26.66,1198.00,1197.71
3292.80,238.21,26.66,1197.66,1197.71
3292.80,238.21,26.66,1197.66,1197.96
3292.80,238.21,26.66,1197.66,1197.96
3292.80,238.21,26.66,1197.66,1197.96
3292.80,238.21,26.66,1197.66,1197.96
3292.82,238.21,26.66,1197.66,1197.96
3292.82,238.15,26.66,1197.66,1197.96
3292.82,238.15,26.69,1197.66,1197.96
3292.82,238.15,26.69,1197.74,1197.96
3292.82,238.15,26.69,1197.74,1197.88
3292.82,238.15,26.69,1197.74,1197.88
3292.82,238.15,26.69,1197.74,1197.88
3292.82,238.15,26.69,1197.74,1197.88
3292.76,238.15,26.69,1197.74,1197.88
3292.76,238.11,26.69,1197.74,1197.88
3292.76,238.11,26.69,1197.74,1197.88
3292.76,238.11,26.69,1197.62,1197.88
3292.76,238.11,26.69,1197.62,1198.09
3292.76,238.11,26.69,1197.62,1198.09
3292.76,238.11,26.69,1197.62,1198.09
3292.76,238.11,26.69,1197.62,1198.09
3292.82,238.11,26.69,1197.62,1198.09
3292.82,238.07,26.69,1197.62,1198.09
3292.82,238.07,26.68,1197.62,1198.09
3292.82,238.07,26.68,1197.69,1198.09
3292.82,238.07,26.68,1197.69,1197.86
3292.82,238.07,26.68,1197.69,1197.86
3292.82,238.07,26.68,1197.69,1197.86
3292.82,238.07,26.68,1197.69,1197.86
3292.71,238.07,26.68,1197.69,1197.86
3292.71,238.01,26.68,1197.69,1197.86
3292.71,238.01,26.70,1197.69,1197.86
3292.71,238.01,26.70,1198.71,1197.86
3292.71,238.01,26.70,1198.71,1197.87
3292.71,238.01,26.70,1198.71,1197.87
3292.71,238.01,26.70,1198.71,1197.87
3292.71,238.01,26.70,1198.71,1197.87
3292.75,238.01,26.70,1198.71,1197.87
3292.75,238.07,26.70,1198.71,1197.87
3292.75,238.07,26.70,1198.71,1197.87
3292.75,238.07,26.70,1198.09,1197.87
3292.75,238.07,26.70,1198.09,1197.91
3292.75,238.07,26.70,1198.09,1197.91
3292.75,238.07,26.70,1198.09,1197.91
3292.75,238.07,26.70,1198.09,1197.91
3292.94,238.07,26.70,1198.09,1197.91
3292.94,237.99,26.70,1198.09,1197.91
3292.94,237.99,26.70,1198.09,1197.91
3292.94,237.99,26.70,1198.17,1197.91
3292.94,237.99,26.70,1198.17,1198.19
3292.94,237.99,26.70,1198.17,1198.19
3292.94,237.99,26.70,1198.17,1198.19
3292.94,237.99,26.70,1198.17,1198.19
3292.87,237.99,26.70,1198.17,1198.19
3292.87,237.92,26.70,1198.17,1198.19
3292.87,237.92,26.71,1198.17,1198.19
3292.87,237.92,26.71,1197.86,1198.19
3292.87,237.92,26.71,1197.86,1198.14
3292.87,237.92,26.71,1197.86,1198.14
3292.87,237.92,26.71,1197.86,1198.14
3292.87,237.92,26.71,1197.86,1198.14
3292.88,237.92,26.71,1197.86,1198.14
3292.88,237.91,26.71,1197.86,1198.14
3292.88,237.91,26.71,1197.86,1198.14
3292.88,237.91,26.71,1197.61,1198.14
3292.88,237.91,26.71,1197.61,1198.27
3292.88,237.91,26.71,1197.61,1198.27
3292.88,237.91,26.71,1197.61,1198.27
3292.88,237.91,26.71,1197.61,1198.27
3292.84,237.91,26.71,1197.61,1198.27
3292.84,237.89,26.71,1197.61,1198.27
3292.84,237.89,26.72,1197.61,1198.27
3292.84,237.89,26.72,1198.07,1198.27
3292.84,237.89,26.72,1198.07,1197.82
3292.84,237.89,26.72,1198.07,1197.82
3292.84,237.89,26.72,1198.07,1197.82
3292.84,237.89,26.72,1198.07,1197.82
3292.90,237.89,26.72,1198.07,1197.82
3292.90,237.88,26.72,1198.07,1197.82
3292.90,237.88,26.72,1198.07,1197.82
3292.90,237.88,26.72,1197.95,1197.82
3292.90,237.88,26.72,1197.95,1197.84
3292.90,237.88,26.72,1197.95,1197.84
3292.90,237.88,26.72,1197.95,1197.84
3292.90,237.88,26.72,1197.95,1197.84
3292.77,237.88,26.72,1197.95,1197.84
3292.77,237.86,26.72,1197.95,1197.84
3292.77,237.86,26.72,1197.95,1197.84
3292.77,237.86,26.72,1197.79,1197.84
3292.77,237.86,26.72,1197.79,1197.93
3292.77,237.86,26.72,1197.79,1197.93
3292.77,237.86,26.72,1197.79,1197.93
3292.77,237.86,26.72,1197.79,1197.93
3293.07,237.86,26.72,1197.79,1197.93
3293.07,237.86,26.72,1197.79,1197.93
3293.07,237.86,26.74,1197.79,1197.93
3293.07,237.86,26.74,1197.59,1197.93
3293.07,237.86,26.74,1197.59,1197.80
3293.07,237.86,26.74,1197.59,1197.80
3293.07,237.86,26.74,1197.59,1197.80
3293.07,237.86,26.74,1197.59,1197.80
3292.75,237.86,26.74,1197.59,1197.80
3292.75,237.87,26.74,1197.59,1197.80
3292.75,237.87,26.75,1197.59,1197.80
3292.75,237.87,26.75,1198.04,1197.80
3292.75,237.87,26.75,1198.04,1197.76
3292.75,237.87,26.75,1198.04,1197.76
3292.75,237.87,26.75,1198.04,1197.76
3292.75,237.87,26.75,1198.04,1197.76
3292.58,237.87,26.75,1198.04,1197.76
3292.58,237.83,26.75,1198.04,1197.76
3292.58,237.83,26.74,1198.04,1197.76
3292.58,237.83,26.74,1198.11,1197.76
3292.58,237.83,26.74,1198.11,1197.90
3292.58,237.83,26.74,1198.11,1197.90
3292.58,237.83,26.74,1198.11,1197.90
3292.58,237.83,26.74,1198.11,1197.90
3292.75,237.83,26.74,1198.11,1197.90
3292.75,237.77,26.74,1198.11,1197.90
3292.75,237.77,26.75,1198.11,1197.90
3292.75,237.77,26.75,1197.69,1197.90
3292.75,237.77,26.75,1197.69,1197.92
3292.75,237.77,26.75,1197.69,1197.92
3292.75,237.77,26.75,1197.69,1197.92
3292.75,237.77,26.75,1197.69,1197.92
3292.73,237.77,26.75,1197.69,1197.92
3292.73,237.73,26.75,1197.69,1197.92
3292.73,237.73,26.77,1197.69,1197.92
3292.73,237.73,26.77,1197.93,1197.92
3292.73,237.73,26.77,1197.93,1198.07
3292.73,237.73,26.77,1197.93,1198.07
3292.73,237.73,26.77,1197.93,1198.07
3292.73,237.73,26.77,1197.93,1198.07
3292.64,237.73,26.77,1197.93,1198.07
3292.64,237.77,26.77,1197.93,1198.07
3292.64,237.77,26.78,1197.93,1198.07
3292.64,237.77,26.78,1197.93,1198.07
3292.64,237.77,26.78,1197.93,1197.70
3292.64,237.77,26.78,1197.93,1197.70
3292.64,237.77,26.78,1197.93,1197.70
3292.64,237.77,26.78,1197.93,1197.70
3292.70,237.77,26.78,1197.93,1197.70
3292.70,237.68,26.78,1197.93,1197.70
3292.70,237.68,26.76,1197.93,1197.70
3292.70,237.68,26.76,1197.55,1197.70
3292.70,237.68,26.76,1197.55,1197.67
3292.70,237.68,26.76,1197.55,1197.67
3292.70,237.68,26.76,1197.55,1197.67
3292.70,237.68,26.76,1197.55,1197.67
3292.72,237.68,26.76,1197.55,1197.67
3292.72,237.67,26.76,1197.55,1197.67
3292.72,237.67,26.73,1197.55,1197.67
3292.72,237.67,26.73,1198.54,1197.67
3292.72,237.67,26.73,1198.54,1197.97
3292.72,237.67,26.73,1198.54,1197.97
3292.72,237.67,26.73,1198.54,1197.97
3292.72,237.67,26.73,1198.54,1197.97
3292.64,237.67,26.73,1198.54,1197.97
3292.64,237.66,26.73,1198.54,1197.97
3292.64,237.66,26.74,1198.54,1197.97
3292.64,237.66,26.74,1198.00,1197.97
3292.64,237.66,26.74,1198.00,1198.23
3292.64,237.66,26.74,1198.00,1198.23
3292.64,237.66,26.74,1198.00,1198.23
3292.64,237.66,26.74,1198.00,1198.23
3292.75,237.66,26.74,1198.00,1198.23
3292.75,237.64,26.74,1198.00,1198.23
3292.75,237.64,26.76,1198.00,1198.23
3292.75,237.64,26.76,1198.13,1198.23
3292.75,237.64,26.76,1198.13,1197.74
3292.75,237.64,26.76,1198.13,1197.74
3292.75,237.64,26.76,1198.13,1197.74
3292.75,237.64,26.76,1198.13,1197.74
3292.69,237.64,26.76,1198.13,1197.74
3292.69,237.61,26.76,1198.13,1197.74
3292.69,237.61,26.76,1198.13,1197.74
3292.69,237.61,26.76,1198.32,1197.74
3292.69,237.61,26.76,1198.32,1198.15
3292.69,237.61,26.76,1198.32,1198.15
3292.69,237.61,26.76,1198.32,1198.15
3292.69,237.61,26.76,1198.32,1198.15
3292.62,237.61,26.76,1198.32,1198.15
3292.62,237.61,26.76,1198.32,1198.15
3292.62,237.61,26.75,1198.32,1198.15
3292.62,237.61,26.75,1198.31,1198.15
3292.62,237.61,26.75,1198.31,1197.97
3292.62,237.61,26.75,1198.31,1197.97
3292.62,237.61,26.75,1198.31,1197.97
3292.62,237.61,26.75,1198.31,1197.97
3292.89,237.61,26.75,1198.31,1197.97
3292.89,237.55,26.75,1198.31,1197.97
3292.89,237.55,26.75,1198.31,1197.97
3292.89,237.55,26.75,1198.33,1197.97
3292.89,237.55,26.75,1198.33,1198.00
3292.89,237.55,26.75,1198.33,1198.00
3292.89,237.55,26.75,1198.33,1198.00
3292.89,237.55,26.75,1198.33,1198.00
3292.77,237.55,26.75,1198.33,1198.00
3292.77,237.54,26.75,1198.33,1198.00
3292.77,237.54,26.77,1198.33,1198.00
3292.77,237.54,26.77,1197.59,1198.00
3292.77,237.54,26.77,1197.59,1198.53
3292.77,237.54,26.77,1197.59,1198.53
3292.77,237.54,26.77,1197.59,1198.53
3292.77,237.54,26.77,1197.59,1198.53
3292.92,237.54,26.77,1197.59,1198.53
3292.92,237.51,26.77,1197.59,1198.53
3292.92,237.51,26.75,1197.59,1198.53
3292.92,237.51,26.75,1197.46,1198.53
3292.92,237.51,26.75,1197.46,1198.56
3292.92,237.51,26.75,1197.46,1198.56
3292.92,237.51,26.75,1197.46,1198.56
3292.92,237.51,26.75,1197.46,1198.56
3292.93,237.51,26.75,1197.46,1198.56
3292.93,237.58,26.75,1197.46,1198.56
3292.93,237.58,26.76,1197.46,1198.56
3292.93,237.58,26.76,1197.61,1198.56
3292.93,237.58,26.76,1197.61,1197.92
3292.93,237.58,26.76,1197.61,1197.92
3292.93,237.58,26.76,1197.61,1197.92
3292.93,237.58,26.76,1197.61,1197.92
3292.85,237.58,26.76,1197.61,1197.92
3292.85,237.54,26.76,1197.61,1197.92
3292.85,237.54,26.77,1197.61,1197.92
3292.85,237.54,26.77,1198.84,1197.92
3292.85,237.54,26.77,1198.84,1199.05
3292.85,237.54,26.77,1198.84,1199.05
3292.85,237.54,26.77,1198.84,1199.05
3292.85,237.54,26.77,1198.84,1199.05
3292.49,237.54,26.77,1198.84,1199.05
3292.49,237.43,26.77,1198.84,1199.05
3292.49,237.43,26.80,1198.84,1199.05
3292.49,237.43,26.80,1198.01,1199.05
3292.49,237.43,26.80,1198.01,1198.09
3292.49,237.43,26.80,1198.01,1198.09
3292.49,237.43,26.80,1198.01,1198.09
3292.49,237.43,26.80,1198.01,1198.09
3292.88,237.43,26.80,1198.01,1198.09
3292.88,237.47,26.80,1198.01,1198.09
3292.88,237.47,26.78,1198.01,1198.09
3292.88,237.47,26.78,1198.05,1198.09
3292.88,237.47,26.78,1198.05,1198.09
3292.88,237.47,26.78,1198.05,1198.09
3292.88,237.47,26.78,1198.05,1198.09
3292.88,237.47,26.78,1198.05,1198.09
3292.78,237.47,26.78,1198.05,1198.09
3292.78,237.46,26.78,1198.05,1198.09
3292.78,237.46,26.77,1198.05,1198.09
3292.78,237.46,26.77,1198.03,1198.09
3292.78,237.46,26.77,1198.03,1198.01
3292.78,237.46,26.77,1198.03,1198.01
3292.78,237.46,26.77,1198.03,1198.01
3292.78,237.46,26.77,1198.03,1198.01
3292.72,237.46,26.77,1198.03,1198.01
3292.72,237.43,26.77,1198.03,1198.01
3292.72,237.43,26.76,1198.03,1198.01
3292.72,237.43,26.76,1197.49,1198.01
3292.72,237.43,26.76,1197.49,1198.09
3292.72,237.43,26.76,1197.49,1198.09
3292.72,237.43,26.76,1197.49,1198.09
3292.72,237.43,26.76,1197.49,1198.09
3292.90,237.43,26.76,1197.49,1198.09
3292.90,237.37,26.76,1197.49,1198.09
3292.90,237.37,26.79,1197.49,1198.09
3292.90,237.37,26.79,1198.16,1198.09
3292.90,237.37,26.79,1198.16,1197.48
3292.90,237.37,26.79,1198.16,1197.48
3292.90,237.37,26.79,1198.16,1197.48
3292.90,237.37,26.79,1198.16,1197.48
3292.71,237.37,26.79,1198.16,1197.48
3292.71,237.42,26.79,1198.16,1197.48
3292.71,237.42,26.77,1198.16,1197.48
3292.71,237.42,26.77,1197.43,1197.48
3292.71,237.42,26.77,1197.43,1198.16
3292.71,237.42,26.77,1197.43,1198.16
3292.71,237.42,26.77,1197.43,1198.16
3292.71,237.42,26.77,1197.43,1198.16
3292.66,237.42,26.77,1197.43,1198.16
3292.66,237.45,26.77,1197.43,1198.16
3292.66,237.45,26.79,1197.43,1198.16
3292.66,237.45,26.79,1198.20,1198.16
3292.66,237.45,26.79,1198.20,1197.64
3292.66,237.45,26.79,1198.20,1197.64
3292.66,237.45,26.79,1198.20,1197.64
3292.66,237.45,26.79,1198.20,1197.64
3292.64,237.45,26.79,1198.20,1197.64
3292.64,237.44,26.79,1198.20,1197.64
3292.64,237.44,26.79,1198.20,1197.64
3292.64,237.44,26.79,1197.97,1197.64
3292.64,237.44,26.79,1197.97,1198.09
3292.64,237.44,26.79,1197.97,1198.09
3292.64,237.44,26.79,1197.97,1198.09
3292.64,237.44,26.79,1197.97,1198.09
3292.89,237.44,26.79,1197.97,1198.09
3292.89,237.38,26.79,1197.97,1198.09
3292.89,237.38,26.81,1197.97,1198.09
3292.89,237.38,26.81,1198.19,1198.09
3292.89,237.38,26.81,1198.19,1198.02
3292.89,237.38,26.81,1198.19,1198.02
3292.89,237.38,26.81,1198.19,1198.02
3292.89,237.38,26.81,1198.19,1198.02
3292.80,237.38,26.81,1198.19,1198.02
3292.80,237.26,26.81,1198.19,1198.02
3292.80,237.26,26.81,1198.19,1198.02
3292.80,237.26,26.81,1197.98,1198.02
3292.80,237.26,26.81,1197.98,1198.08
3292.80,237.26,26.81,1197.98,1198.08
3292.80,237.26,26.81,1197.98,1198.08
3292.80,237.26,26.81,1197.98,1198.08
3292.72,237.26,26.81,1197.98,1198.08
3292.72,237.36,26.81,1197.98,1198.08
3292.72,237.36,26.83,1197.98,1198.08
3292.72,237.36,26.83,1198.21,1198.08
3292.72,237.36,26.83,1198.21,1197.78
3292.72,237.36,26.83,1198.21,1197.78
3292.72,237.36,26.83,1198.21,1197.78
3292.72,237.36,26.83,1198.21,1197.78
3292.77,237.36,26.83,1198.21,1197.78
3292.77,237.31,26.83,1198.21,1197.78
3292.77,237.31,26.83,1198.21,1197.78
3292.77,237.31,26.83,1197.92,1197.78
3292.77,237.31,26.83,1197.92,1197.87
3292.77,237.31,26.83,1197.92,1197.87
3292.77,237.31,26.83,1197.92,1197.87
3292.77,237.31,26.83,1197.92,1197.87
3292.68,237.31,26.83,1197.92,1197.87
3292.68,237.33,26.83,1197.92,1197.87
3292.68,237.33,26.83,1197.92,1197.87
3292.68,237.33,26.83,1198.02,1197.87
3292.68,237.33,26.83,1198.02,1198.08
3292.68,237.33,26.83,1198.02,1198.08
3292.68,237.33,26.83,1198.02,1198.08
3292.68,237.33,26.83,1198.02,1198.08
3292.82,237.33,26.83,1198.02,1198.08
3292.82,237.29,26.83,1198.02,1198.08
3292.82,237.29,26.81,1198.02,1198.08
3292.82,237.29,26.81,1198.24,1198.08
3292.82,237.29,26.81,1198.24,1198.31
3292.82,237.29,26.81,1198.24,1198.31
3292.82,237.29,26.81,1198.24,1198.31
3292.82,237.29,26.81,1198.24,1198.31
3292.76,237.29,26.81,1198.24,1198.31
3292.76,237.32,26.81,1198.24,1198.31
3292.76,237.32,26.81,1198.24,1198.31
3292.76,237.32,26.81,1197.76,1198.31
3292.76,237.32,26.81,1197.76,1198.38
3292.76,237.32,26.81,1197.76,1198.38
3292.76,237.32,26.81,1197.76,1198.38
3292.76,237.32,26.81,1197.76,1198.38
3292.77,237.32,26.81,1197.76,1198.38
3292.77,237.25,26.81,1197.76,1198.38
3292.77,237.25,26.82,1197.76,1198.38
3292.77,237.25,26.82,1198.05,1198.38
3292.77,237.25,26.82,1198.05,1197.46
3292.77,237.25,26.82,1198.05,1197.46
3292.77,237.25,26.82,1198.05,1197.46
3292.77,237.25,26.82,1198.05,1197.46
3292.71,237.25,26.82,1198.05,1197.46
3292.71,237.23,26.82,1198.05,1197.46
3292.71,237.23,26.81,1198.05,1197.46
3292.71,237.23,26.81,1198.03,1197.46
3292.71,237.23,26.81,1198.03,1197.76
3292.71,237.23,26.81,1198.03,1197.76
3292.71,237.23,26.81,1198.03,1197.76
3292.71,237.23,26.81,1198.03,1197.76
3292.95,237.23,26.81,1198.03,1197.76
3292.95,237.27,26.81,1198.03,1197.76
3292.95,237.27,26.81,1198.03,1197.76
3292.95,237.27,26.81,1198.03,1197.76
3292.95,237.27,26.81,1198.03,1197.96
3292.95,237.27,26.81,1198.03,1197.96
3292.95,237.27,26.81,1198.03,1197.96
3292.95,237.27,26.81,1198.03,1197.96
3292.77,237.27,26.81,1198.03,1197.96
3292.77,237.23,26.81,1198.03,1197.96
3292.77,237.23,26.82,1198.03,1197.96
3292.77,237.23,26.82,1197.94,1197.96
3292.77,237.23,26.82,1197.94,1198.19
3292.77,237.23,26.82,1197.94,1198.19
3292.77,237.23,26.82,1197.94,1198.19
3292.77,237.23,26.82,1197.94,1198.19
3292.85,237.23,26.82,1197.94,1198.19
3292.85,237.21,26.82,1197.94,1198.19
3292.85,237.21,26.82,1197.94,1198.19
3292.85,237.21,26.82,1198.24,1198.19
3292.85,237.21,26.82,1198.24,1198.26
3292.85,237.21,26.82,1198.24,1198.26
3292.85,237.21,26.82,1198.24,1198.26
3292.85,237.21,26.82,1198.24,1198.26
3292.84,237.21,26.82,1198.24,1198.26
3292.84,239.14,26.82,1198.24,1198.26
3292.84,239.14,26.82,1198.24,1198.26
3292.84,239.14,26.82,1198.79,1198.26
3292.84,239.14,26.82,1198.79,1198.17
3292.84,239.14,26.82,1198.79,1198.17
3292.84,239.14,26.82,1198.79,1198.17
3292.84,239.14,26.82,1198.79,1198.17
3292.86,239.14,26.82,1198.79,1198.17
3292.86,237.19,26.82,1198.79,1198.17
3292.86,237.19,26.84,1198.79,1198.17
3292.86,237.19,26.84,1197.62,1198.17
3292.86,237.19,26.84,1197.62,1198.27
3292.86,237.19,26.84,1197.62,1198.27
3292.86,237.19,26.84,1197.62,1198.27
3292.86,237.19,26.84,1197.62,1198.27
3292.76,237.19,26.84,1197.62,1198.27
3292.76,237.20,26.84,1197.62,1198.27
3292.76,237.20,26.83,1197.62,1198.27
3292.76,237.20,26.83,1197.88,1198.27
3292.76,237.20,26.83,1197.88,1198.04
3292.76,237.20,26.83,1197.88,1198.04
3292.76,237.20,26.83,1197.88,1198.04
3292.76,237.20,26.83,1197.88,1198.04
3292.89,237.20,26.83,1197.88,1198.04
3292.89,237.27,26.83,1197.88,1198.04
3292.89,237.27,26.84,1197.88,1198.04
3292.89,237.27,26.84,1197.82,1198.04
3292.89,237.27,26.84,1197.82,1198.17
3292.89,237.27,26.84,1197.82,1198.17
3292.89,237.27,26.84,1197.82,1198.17
3292.89,237.27,26.84,1197.82,1198.17
3292.93,237.27,26.84,1197.82,1198.17
3292.93,237.22,26.84,1197.82,1198.17
3292.93,237.22,26.84,1197.82,1198.17
3292.93,237.22,26.84,1197.95,1198.17
3292.93,237.22,26.84,1197.95,1198.02
3292.93,237.22,26.84,1197.95,1198.02
3292.93,237.22,26.84,1197.95,1198.02
3292.93,237.22,26.84,1197.95,1198.02
3292.96,237.22,26.84,1197.95,1198.02
3292.96,237.17,26.84,1197.95,1198.02
3292.96,237.17,26.82,1197.95,1198.02
3292.96,237.17,26.82,1197.91,1198.02
3292.96,237.17,26.82,1197.91,1198.05
3292.96,237.17,26.82,1197.91,1198.05
3292.96,237.17,26.82,1197.91,1198.05
3292.96,237.17,26.82,1197.91,1198.05
3292.83,237.17,26.82,1197.91,1198.05
3292.83,237.19,26.82,1197.91,1198.05
3292.83,237.19,26.81,1197.91,1198.05
3292.83,237.19,26.81,1197.87,1198.05
3292.83,237.19,26.81,1197.87,1198.17
3292.83,237.19,26.81,1197.87,1198.17
3292.83,237.19,26.81,1197.87,1198.17
3292.83,237.19,26.81,1197.87,1198.17
3292.82,237.19,26.81,1197.87,1198.17
3292.82,237.08,26.81,1197.87,1198.17
3292.82,237.08,26.81,1197.87,1198.17
3292.82,237.08,26.81,1197.98,1198.17
3292.82,237.08,26.81,1197.98,1197.87
3292.82,237.08,26.81,1197.98,1197.87
3292.82,237.08,26.81,1197.98,1197.87
3292.82,237.08,26.81,1197.98,1197.87
3292.96,237.08,26.81,1197.98,1197.87
3292.96,237.07,26.81,1197.98,1197.87
3292.96,237.07,26.86,1197.98,1197.87
3292.96,237.07,26.86,1198.30,1197.87
3292.96,237.07,26.86,1198.30,1197.77
3292.96,237.07,26.86,1198.30,1197.77
3292.96,237.07,26.86,1198.30,1197.77
3292.96,237.07,26.86,1198.30,1197.77
3292.84,237.07,26.86,1198.30,1197.77
3292.84,237.08,26.86,1198.30,1197.77
3292.84,237.08,26.85,1198.30,1197.77
3292.84,237.08,26.85,1198.23,1197.77
3292.84,237.08,26.85,1198.23,1197.68
3292.84,237.08,26.85,1198.23,1197.68
3292.84,237.08,26.85,1198.23,1197.68
3292.84,237.08,26.85,1198.23,1197.68
3292.99,237.08,26.85,1198.23,1197.68
3292.99,237.09,26.85,1198.23,1197.68
3292.99,237.09,26.83,1198.23,1197.68
3292.99,237.09,26.83,1198.10,1197.68
3292.99,237.09,26.83,1198.10,1197.86
3292.99,237.09,26.83,1198.10,1197.86
3292.99,237.09,26.83,1198.10,1197.86
3292.99,237.09,26.83,1198.10,1197.86
3292.92,237.09,26.83,1198.10,1197.86
3292.92,237.05,26.83,1198.10,1197.86
3292.92,237.05,26.81,1198.10,1197.86
3292.92,237.05,26.81,1197.93,1197.86
3292.92,237.05,26.81,1197.93,1198.59
3292.92,237.05,26.81,1197.93,1198.59
3292.92,237.05,26.81,1197.93,1198.59
3292.92,237.05,26.81,1197.93,1198.59
3292.92,237.05,26.81,1197.93,1198.59
3292.92,237.01,26.81,1197.93,1198.59
3292.92,237.01,26.78,1197.93,1198.59
3292.92,237.01,26.78,1197.91,1198.59
3292.92,237.01,26.78,1197.91,1198.10
3292.92,237.01,26.78,1197.91,1198.10
3292.92,237.01,26.78,1197.91,1198.10
3292.92,237.01,26.78,1197.91,1198.10
3292.70,237.01,26.78,1197.91,1198.10
3292.70,237.03,26.78,1197.91,1198.10
3292.70,237.03,26.81,1197.91,1198.10
3292.70,237.03,26.81,1197.88,1198.10
3292.70,237.03,26.81,1197.88,1198.25
3292.70,237.03,26.81,1197.88,1198.25
3292.70,237.03,26.81,1197.88,1198.25
3292.70,237.03,26.81,1197.88,1198.25
3292.86,237.03,26.81,1197.88,1198.25
3292.86,237.01,26.81,1197.88,1198.25
3292.86,237.01,26.83,1197.88,1198.25
3292.86,237.01,26.83,1198.16,1198.25
3292.86,237.01,26.83,1198.16,1198.22
3292.86,237.01,26.83,1198.16,1198.22
3292.86,237.01,26.83,1198.16,1198.22
3292.86,237.01,26.83,1198.16,1198.22
3292.81,237.01,26.83,1198.16,1198.22
3292.81,236.99,26.83,1198.16,1198.22
3292.81,236.99,26.83,1198.16,1198.22
3292.81,236.99,26.83,1198.85,1198.22
3292.81,236.99,26.83,1198.85,1197.98
3292.81,236.99,26.83,1198.85,1197.98
3292.81,236.99,26.83,1198.85,1197.98
3292.81,236.99,26.83,1198.85,1197.98
3292.89,236.99,26.83,1198.85,1197.98
3292.89,236.95,26.83,1198.85,1197.98
3292.89,236.95,26.82,1198.85,1197.98
3292.89,236.95,26.82,1198.24,1197.98
3292.89,236.95,26.82,1198.24,1197.92
3292.89,236.95,26.82,1198.24,1197.92
3292.89,236.95,26.82,1198.24,1197.92
3292.89,236.95,26.82,1198.24,1197.92
3292.70,236.95,26.82,1198.24,1197.92
3292.70,237.00,26.82,1198.24,1197.92
3292.70,237.00,26.79,1198.24,1197.92
3292.70,237.00,26.79,1197.60,1197.92
3292.70,237.00,26.79,1197.60,1198.11
3292.70,237.00,26.79,1197.60,1198.11
3292.70,237.00,26.79,1197.60,1198.11
3292.70,237.00,26.79,1197.60,1198.11
3292.65,237.00,26.79,1197.60,1198.11
3292.65,237.04,26.79,1197.60,1198.11
3292.65,237.04,26.82,1197.60,1198.11
3292.65,237.04,26.82,1197.92,1198.11
3292.65,237.04,26.82,1197.92,1198.11
3292.65,237.04,26.82,1197.92,1198.11
3292.65,237.04,26.82,1197.92,1198.11
3292.65,237.04,26.82,1197.92,1198.11
3292.72,237.04,26.82,1197.92,1198.11
3292.72,237.10,26.82,1197.92,1198.11
3292.72,237.10,26.83,1197.92,1198.11
3292.72,237.10,26.83,1198.09,1198.11
3292.72,237.10,26.83,1198.09,1198.30
3292.72,237.10,26.83,1198.09,1198.30
3292.72,237.10,26.83,1198.09,1198.30
3292.72,237.10,26.83,1198.09,1198.30
3292.86,237.10,26.83,1198.09,1198.30
3292.86,237.02,26.83,1198.09,1198.30
3292.86,237.02,26.85,1198.09,1198.30
3292.86,237.02,26.85,1198.09,1198.30
3292.86,237.02,26.85,1198.09,1197.87
3292.86,237.02,26.85,1198.09,1197.87
3292.86,237.02,26.85,1198.09,1197.87
3292.86,237.02,26.85,1198.09,1197.87
3292.73,237.02,26.85,1198.09,1197.87
3292.73,237.02,26.85,1198.09,1197.87
3292.73,237.02,26.84,1198.09,1197.87
3292.73,237.02,26.84,1198.34,1197.87
3292.73,237.02,26.84,1198.34,1198.06
3292.73,237.02,26.84,1198.34,1198.06
3292.73,237.02,26.84,1198.34,1198.06
3292.73,237.02,26.84,1198.34,1198.06
3292.75,237.02,26.84,1198.34,1198.06
3292.75,237.11,26.84,1198.34,1198.06
3292.75,237.11,26.78,1198.34,1198.06
3292.75,237.11,26.78,1197.92,1198.06
3292.75,237.11,26.78,1197.92,1198.43
3292.75,237.11,26.78,1197.92,1198.43
3292.75,237.11,26.78,1197.92,1198.43
3292.75,237.11,26.78,1197.92,1198.43
3292.72,237.11,26.78,1197.92,1198.43
3292.72,237.02,26.78,1197.92,1198.43
3292.72,237.02,26.80,1197.92,1198.43
3292.72,237.02,26.80,1198.13,1198.43
3292.72,237.02,26.80,1198.13,1197.89
3292.72,237.02,26.80,1198.13,1197.89
3292.72,237.02,26.80,1198.13,1197.89
3292.72,237.02,26.80,1198.13,1197.89
3292.91,237.02,26.80,1198.13,1197.89
3292.91,236.90,26.80,1198.13,1197.89
3292.91,236.90,26.84,1198.13,1197.89
3292.91,236.90,26.84,1198.06,1197.89
3292.91,236.90,26.84,1198.06,1198.43
3292.91,236.90,26.84,1198.06,1198.43
3292.91,236.90,26.84,1198.06,1198.43
3292.91,236.90,26.84,1198.06,1198.43
3292.95,236.90,26.84,1198.06,1198.43
3292.95,242.57,26.84,1198.06,1198.43
3292.95,242.57,26.81,1198.06,1198.43
3292.95,242.57,26.81,1197.76,1198.43
3292.95,242.57,26.81,1197.76,1198.35
3292.95,242.57,26.81,1197.76,1198.35
3292.95,242.57,26.81,1197.76,1198.35
3292.95,242.57,26.81,1197.76,1198.35
3292.95,242.57,26.81,1197.76,1198.35
3292.95,240.93,26.81,1197.76,1198.35
3292.95,240.93,26.81,1197.76,1198.35
3292.95,240.93,26.81,1198.03,1198.35
3292.95,240.93,26.81,1198.03,1198.14
3292.95,240.93,26.81,1198.03,1198.14
3292.95,240.93,26.81,1198.03,1198.14
3292.95,240.93,26.81,1198.03,1198.14
3292.81,240.93,26.81,1198.03,1198.14
3292.81,237.11,26.81,1198.03,1198.14
3292.81,237.11,26.88,1198.03,1198.14
3292.81,237.11,26.88,1198.68,1198.14
3292.81,237.11,26.88,1198.68,1197.98
3292.81,237.11,26.88,1198.68,1197.98
3292.81,237.11,26.88,1198.68,1197.98
3292.81,237.11,26.88,1198.68,1197.98
3292.75,237.11,26.88,1198.68,1197.98
3292.75,240.76,26.88,1198.68,1197.98
3292.75,240.76,26.90,1198.68,1197.98
3292.75,240.76,26.90,1198.33,1197.98
3292.75,240.76,26.90,1198.33,1198.35
3292.75,240.76,26.90,1198.33,1198.35
3292.75,240.76,26.90,1198.33,1198.35
3292.75,240.76,26.90,1198.33,1198.35
3292.79,240.76,26.90,1198.33,1198.35
3292.79,242.01,26.90,1198.33,1198.35
3292.79,242.01,26.86,1198.33,1198.35
3292.79,242.01,26.86,1197.77,1198.35
3292.79,242.01,26.86,1197.77,1198.23
3292.79,242.01,26.86,1197.77,1198.23
3292.79,242.01,26.86,1197.77,1198.23
3292.79,242.01,26.86,1197.77,1198.23
3292.67,242.01,26.86,1197.77,1198.23
3292.67,1553.42,26.86,1197.77,1198.23
3292.67,1553.42,26.92,1197.77,1198.23
3292.67,1553.42,26.92,1199.41,1198.23
3292.67,1553.42,26.92,1199.41,1198.14
3292.67,1553.42,26.92,1199.41,1198.14
3292.67,1553.42,26.92,1199.41,1198.14
3292.67,1553.42,26.92,1199.41,1198.14
3293.04,1553.42,26.92,1199.41,1198.14
3293.04,239.14,26.92,1199.41,1198.14
3293.04,239.14,26.91,1199.41,1198.14
3293.04,239.14,26.91,1197.99,1198.14
3293.04,239.14,26.91,1197.99,1198.42
3293.04,239.14,26.91,1197.99,1198.42
3293.04,239.14,26.91,1197.99,1198.42
3293.04,239.14,26.91,1197.99,1198.42
3292.84,239.14,26.91,1197.99,1198.42
3292.84,237.47,26.91,1197.99,1198.42
3292.84,237.47,26.94,1197.99,1198.42
3292.84,237.47,26.94,1197.83,1198.42
3292.84,237.47,26.94,1197.83,1198.38
3292.84,237.47,26.94,1197.83,1198.38
3292.84,237.47,26.94,1197.83,1198.38
3292.84,237.47,26.94,1197.83,1198.38
3292.78,237.47,26.94,1197.83,1198.38
3292.78,237.96,26.94,1197.83,1198.38
3292.78,237.96,26.93,1197.83,1198.38
3292.78,237.96,26.93,1197.99,1198.38
3292.78,237.96,26.93,1197.99,1198.27
3292.78,237.96,26.93,1197.99,1198.27
3292.78,237.96,26.93,1197.99,1198.27
3292.78,237.96,26.93,1197.99,1198.27
3292.88,237.96,26.93,1197.99,1198.27
3292.88,238.04,26.93,1197.99,1198.27
3292.88,238.04,26.95,1197.99,1198.27
3292.88,238.04,26.95,1198.09,1198.27
3292.88,238.04,26.95,1198.09,1198.06
3292.88,238.04,26.95,1198.09,1198.06
3292.88,238.04,26.95,1198.09,1198.06
3292.88,238.04,26.95,1198.09,1198.06
3292.88,238.04,26.95,1198.09,1198.06
3292.88,236.36,26.95,1198.09,1198.06
3292.88,236.36,26.93,1198.09,1198.06
3292.88,236.36,26.93,1198.01,1198.06
3292.88,236.36,26.93,1198.01,1198.16
3292.88,236.36,26.93,1198.01,1198.16
3292.88,236.36,26.93,1198.01,1198.16
3292.88,236.36,26.93,1198.01,1198.16
3292.83,236.36,26.93,1198.01,1198.16
3292.83,250.79,26.93,1198.01,1198.16
3292.83,250.79,26.95,1198.01,1198.16
3292.83,250.79,26.95,1198.10,1198.16
3292.83,250.79,26.95,1198.10,1198.29
3292.83,250.79,26.95,1198.10,1198.29
3292.83,250.79,26.95,1198.10,1198.29
3292.83,250.79,26.95,1198.10,1198.29
3292.70,250.79,26.95,1198.10,1198.29
3292.70,249.08,26.95,1198.10,1198.29
3292.70,249.08,26.99,1198.10,1198.29
3292.70,249.08,26.99,1197.90,1198.29
3292.70,249.08,26.99,1197.90,1198.18
3292.70,249.08,26.99,1197.90,1198.18
3292.70,249.08,26.99,1197.90,1198.18
3292.70,249.08,26.99,1197.90,1198.18
3292.69,249.08,26.99,1197.90,1198.18
3292.69,250.22,26.99,1197.90,1198.18
3292.69,250.22,27.01,1197.90,1198.18
3292.69,250.22,27.01,1197.96,1198.18
3292.69,250.22,27.01,1197.96,1198.16
3292.69,250.22,27.01,1197.96,1198.16
3292.69,250.22,27.01,1197.96,1198.16
3292.69,250.22,27.01,1197.96,1198.16
3292.94,250.22,27.01,1197.96,1198.16
3292.94,236.24,27.01,1197.96,1198.16
3292.94,236.24,27.03,1197.96,1198.16
3292.94,236.24,27.03,1198.30,1198.16
3292.94,236.24,27.03,1198.30,1197.97
3292.94,236.24,27.03,1198.30,1197.97
3292.94,236.24,27.03,1198.30,1197.97
3292.94,236.24,27.03,1198.30,1197.97
3292.84,236.24,27.03,1198.30,1197.97
3292.84,235.11,27.03,1198.30,1197.97
3292.84,235.11,27.03,1198.30,1197.97
3292.84,235.11,27.03,1198.18,1197.97
3292.84,235.11,27.03,1198.18,1198.42
3292.84,235.11,27.03,1198.18,1198.42
3292.84,235.11,27.03,1198.18,1198.42
3292.84,235.11,27.03,1198.18,1198.42
3292.74,235.11,27.03,1198.18,1198.42
3292.74,234.72,27.03,1198.18,1198.42
3292.74,234.72,27.01,1198.18,1198.42
3292.74,234.72,27.01,1198.32,1198.42
3292.74,234.72,27.01,1198.32,1198.36
3292.74,234.72,27.01,1198.32,1198.36
3292.74,234.72,27.01,1198.32,1198.36
3292.74,234.72,27.01,1198.32,1198.36
3292.65,234.72,27.01,1198.32,1198.36
3292.65,234.61,27.01,1198.32,1198.36
3292.65,234.61,26.96,1198.32,1198.36
3292.65,234.61,26.96,1198.31,1198.36
3292.65,234.61,26.96,1198.31,1198.24
3292.65,234.61,26.96,1198.31,1198.24
3292.65,234.61,26.96,1198.31,1198.24
3292.65,234.61,26.96,1198.31,1198.24
3292.81,234.61,26.96,1198.31,1198.24
3292.81,234.61,26.96,1198.31,1198.24
3292.81,234.61,26.97,1198.31,1198.24
3292.81,234.61,26.97,1197.94,1198.24
3292.81,234.61,26.97,1197.94,1198.17
3292.81,234.61,26.97,1197.94,1198.17
3292.81,234.61,26.97,1197.94,1198.17
3292.81,234.61,26.97,1197.94,1198.17
3292.63,234.61,26.97,1197.94,1198.17
3292.63,234.65,26.97,1197.94,1198.17
3292.63,234.65,26.96,1197.94,1198.17
3292.63,234.65,26.96,1198.40,1198.17
3292.63,234.65,26.96,1198.40,1198.05
3292.63,234.65,26.96,1198.40,1198.05
3292.63,234.65,26.96,1198.40,1198.05
3292.63,234.65,26.96,1198.40,1198.05
3292.63,234.65,26.96,1198.40,1198.05
3292.63,234.62,26.96,1198.40,1198.05
3292.63,234.62,26.95,1198.40,1198.05
3292.63,234.62,26.95,1199.11,1198.05
3292.63,234.62,26.95,1199.11,1198.43
3292.63,234.62,26.95,1199.11,1198.43
3292.63,234.62,26.95,1199.11,1198.43
3292.63,234.62,26.95,1199.11,1198.43
3292.58,234.62,26.95,1199.11,1198.43
3292.58,234.58,26.95,1199.11,1198.43
3292.58,234.58,26.93,1199.11,1198.43
3292.58,234.58,26.93,1198.23,1198.43
3292.58,234.58,26.93,1198.23,1198.16
3292.58,234.58,26.93,1198.23,1198.16
3292.58,234.58,26.93,1198.23,1198.16
3292.58,234.58,26.93,1198.23,1198.16
3292.57,234.58,26.93,1198.23,1198.16
3292.57,234.61,26.93,1198.23,1198.16
3292.57,234.61,26.95,1198.23,1198.16
3292.57,234.61,26.95,1198.10,1198.16
3292.57,234.61,26.95,1198.10,1198.74
3292.57,234.61,26.95,1198.10,1198.74
3292.57,234.61,26.95,1198.10,1198.74
3292.57,234.61,26.95,1198.10,1198.74
3292.66,234.61,26.95,1198.10,1198.74
3292.66,234.61,26.95,1198.10,1198.74
3292.66,234.61,26.94,1198.10,1198.74
3292.66,234.61,26.94,1198.16,1198.74
3292.66,234.61,26.94,1198.16,1198.10
3292.66,234.61,26.94,1198.16,1198.10
3292.66,234.61,26.94,1198.16,1198.10
3292.66,234.61,26.94,1198.16,1198.10
3292.69,234.61,26.94,1198.16,1198.10
3292.69,234.60,26.94,1198.16,1198.10
3292.69,234.60,26.92,1198.16,1198.10
3292.69,234.60,26.92,1198.30,1198.10
3292.69,234.60,26.92,1198.30,1198.10
3292.69,234.60,26.92,1198.30,1198.10
3292.69,234.60,26.92,1198.30,1198.10
3292.69,234.60,26.92,1198.30,1198.10
3292.62,234.60,26.92,1198.30,1198.10
3292.62,234.61,26.92,1198.30,1198.10
3292.62,234.61,26.91,1198.30,1198.10
3292.62,234.61,26.91,1198.15,1198.10
3292.62,234.61,26.91,1198.15,1197.85
3292.62,234.61,26.91,1198.15,1197.85
3292.62,234.61,26.91,1198.15,1197.85
3292.62,234.61,26.91,1198.15,1197.85
3292.56,234.61,26.91,1198.15,1197.85
3292.56,234.63,26.91,1198.15,1197.85
3292.56,234.63,26.96,1198.15,1197.85
3292.56,234.63,26.96,1198.38,1197.85
3292.56,234.63,26.96,1198.38,1198.09
3292.56,234.63,26.96,1198.38,1198.09
3292.56,234.63,26.96,1198.38,1198.09
3292.56,234.63,26.96,1198.38,1198.09
3292.77,234.63,26.96,1198.38,1198.09
3292.77,234.62,26.96,1198.38,1198.09
3292.77,234.62,26.93,1198.38,1198.09
3292.77,234.62,26.93,1197.76,1198.09
3292.77,234.62,26.93,1197.76,1198.30
3292.77,234.62,26.93,1197.76,1198.30
3292.77,234.62,26.93,1197.76,1198.30
3292.77,234.62,26.93,1197.76,1198.30
3292.64,234.62,26.93,1197.76,1198.30
3292.64,234.61,26.93,1197.76,1198.30
3292.64,234.61,26.93,1197.76,1198.30
3292.64,234.61,26.93,1198.22,1198.30
3292.64,234.61,26.93,1198.22,1198.02
3292.64,234.61,26.93,1198.22,1198.02
3292.64,234.61,26.93,1198.22,1198.02
3292.64,234.61,26.93,1198.22,1198.02
3292.70,234.61,26.93,1198.22,1198.02
3292.70,234.62,26.93,1198.22,1198.02
3292.70,234.62,26.94,1198.22,1198.02
3292.70,234.62,26.94,1197.91,1198.02
3292.70,234.62,26.94,1197.91,1198.82
3292.70,234.62,26.94,1197.91,1198.82
3292.70,234.62,26.94,1197.91,1198.82
3292.70,234.62,26.94,1197.91,1198.82
3292.78,234.62,26.94,1197.91,1198.82
3292.78,234.60,26.94,1197.91,1198.82
3292.78,234.60,26.95,1197.91,1198.82
3292.78,234.60,26.95,1197.81,1198.82
3292.78,234.60,26.95,1197.81,1198.22
3292.78,234.60,26.95,1197.81,1198.22
3292.78,234.60,26.95,1197.81,1198.22
3292.78,234.60,26.95,1197.81,1198.22
3292.87,234.60,26.95,1197.81,1198.22
3292.87,234.55,26.95,1197.81,1198.22
3292.87,234.55,26.95,1197.81,1198.22
3292.87,234.55,26.95,1198.22,1198.22
3292.87,234.55,26.95,1198.22,1198.12
3292.87,234.55,26.95,1198.22,1198.12
3292.87,234.55,26.95,1198.22,1198.12
3292.87,234.55,26.95,1198.22,1198.12
3292.81,234.55,26.95,1198.22,1198.12
3292.81,234.58,26.95,1198.22,1198.12
3292.81,234.58,26.93,1198.22,1198.12
3292.81,234.58,26.93,1198.30,1198.12
3292.81,234.58,26.93,1198.30,1197.98
3292.81,234.58,26.93,1198.30,1197.98
3292.81,234.58,26.93,1198.30,1197.98
3292.81,234.58,26.93,1198.30,1197.98
3292.68,234.58,26.93,1198.30,1197.98
3292.68,234.58,26.93,1198.30,1197.98
3292.68,234.58,26.92,1198.30,1197.98
3292.68,234.58,26.92,1198.19,1197.98
3292.68,234.58,26.92,1198.19,1197.75
3292.68,234.58,26.92,1198.19,1197.75
3292.68,234.58,26.92,1198.19,1197.75
3292.68,234.58,26.92,1198.19,1197.75
3292.74,234.58,26.92,1198.19,1197.75
3292.74,234.55,26.92,1198.19,1197.75
3292.74,234.55,26.94,1198.19,1197.75
3292.74,234.55,26.94,1198.16,1197.75
3292.74,234.55,26.94,1198.16,1197.84
3292.74,234.55,26.94,1198.16,1197.84
3292.74,234.55,26.94,1198.16,1197.84
3292.74,234.55,26.94,1198.16,1197.84
3292.71,234.55,26.94,1198.16,1197.84
3292.71,234.62,26.94,1198.16,1197.84
3292.71,234.62,26.90,1198.16,1197.84
3292.71,234.62,26.90,1198.83,1197.84
3292.71,234.62,26.90,1198.83,1198.07
3292.71,234.62,26.90,1198.83,1198.07
3292.71,234.62,26.90,1198.83,1198.07
3292.71,234.62,26.90,1198.83,1198.07
3292.76,234.62,26.90,1198.83,1198.07
3292.76,234.56,26.90,1198.83,1198.07
3292.76,234.56,26.92,1198.83,1198.07
3292.76,234.56,26.92,1198.09,1198.07
3292.76,234.56,26.92,1198.09,1198.15
3292.76,234.56,26.92,1198.09,1198.15
3292.76,234.56,26.92,1198.09,1198.15
3292.76,234.56,26.92,1198.09,1198.15
3292.66,234.56,26.92,1198.09,1198.15
3292.66,234.55,26.92,1198.09,1198.15
3292.66,234.55,26.88,1198.09,1198.15
3292.66,234.55,26.88,1197.86,1198.15
3292.66,234.55,26.88,1197.86,1198.20
3292.66,234.55,26.88,1197.86,1198.20
3292.66,234.55,26.88,1197.86,1198.20
3292.66,234.55,26.88,1197.86,1198.20
3292.62,234.55,26.88,1197.86,1198.20
3292.62,234.52,26.88,1197.86,1198.20
3292.62,234.52,26.90,1197.86,1198.20
3292.62,234.52,26.90,1198.00,1198.20
3292.62,234.52,26.90,1198.00,1198.13
3292.62,234.52,26.90,1198.00,1198.13
3292.62,234.52,26.90,1198.00,1198.13
3292.62,234.52,26.90,1198.00,1198.13
3292.48,234.52,26.90,1198.00,1198.13
3292.48,234.52,26.90,1198.00,1198.13
3292.48,234.52,26.95,1198.00,1198.13
3292.48,234.52,26.95,1197.69,1198.13
3292.48,234.52,26.95,1197.69,1198.22
3292.48,234.52,26.95,1197.69,1198.22
3292.48,234.52,26.95,1197.69,1198.22
3292.48,234.52,26.95,1197.69,1198.22
3292.44,234.52,26.95,1197.69,1198.22
3292.44,234.56,26.95,1197.69,1198.22
3292.44,234.56,26.92,1197.69,1198.22
3292.44,234.56,26.92,1197.75,1198.22
3292.44,234.56,26.92,1197.75,1198.26
3292.44,234.56,26.92,1197.75,1198.26
3292.44,234.56,26.92,1197.75,1198.26
3292.44,234.56,26.92,1197.75,1198.26
3292.74,234.56,26.92,1197.75,1198.26
3292.74,234.57,26.92,1197.75,1198.26
3292.74,234.57,26.92,1197.75,1198.26
3292.74,234.57,26.92,1198.20,1198.26
3292.74,234.57,26.92,1198.20,1197.99
3292.74,234.57,26.92,1198.20,1197.99
3292.74,234.57,26.92,1198.20,1197.99
3292.74,234.57,26.92,1198.20,1197.99
3292.49,234.57,26.92,1198.20,1197.99
3292.49,234.58,26.92,1198.20,1197.99
3292.49,234.58,26.96,1198.20,1197.99
3292.49,234.58,26.96,1198.44,1197.99
3292.49,234.58,26.96,1198.44,1198.19
3292.49,234.58,26.96,1198.44,1198.19
3292.49,234.58,26.96,1198.44,1198.19
3292.49,234.58,26.96,1198.44,1198.19
3292.52,234.58,26.96,1198.44,1198.19
3292.52,234.56,26.96,1198.44,1198.19
3292.52,234.56,26.98,1198.44,1198.19
3292.52,234.56,26.98,1198.23,1198.19
3292.52,234.56,26.98,1198.23,1198.15
3292.52,234.56,26.98,1198.23,1198.15
3292.52,234.56,26.98,1198.23,1198.15
3292.52,234.56,26.98,1198.23,1198.15
3292.65,234.56,26.98,1198.23,1198.15
3292.65,234.56,26.98,1198.23,1198.15
3292.65,234.56,26.96,1198.23,1198.15
3292.65,234.56,26.96,1198.12,1198.15
3292.65,234.56,26.96,1198.12,1198.22
3292.65,234.56,26.96,1198.12,1198.22
3292.65,234.56,26.96,1198.12,1198.22
3292.65,234.56,26.96,1198.12,1198.22
3292.81,234.56,26.96,1198.12,1198.22
3292.81,234.56,26.96,1198.12,1198.22
3292.81,234.56,26.95,1198.12,1198.22
3292.81,234.56,26.95,1198.03,1198.22
3292.81,234.56,26.95,1198.03,1198.32
3292.81,234.56,26.95,1198.03,1198.32
3292.81,234.56,26.95,1198.03,1198.32
3292.81,234.56,26.95,1198.03,1198.32
3292.73,234.56,26.95,1198.03,1198.32
3292.73,234.59,26.95,1198.03,1198.32
3292.73,234.59,26.95,1198.03,1198.32
3292.73,234.59,26.95,1198.35,1198.32
3292.73,234.59,26.95,1198.35,1197.98
3292.73,234.59,26.95,1198.35,1197.98
3292.73,234.59,26.95,1198.35,1197.98
3292.73,234.59,26.95,1198.35,1197.98
3292.71,234.59,26.95,1198.35,1197.98
3292.71,234.57,26.95,1198.35,1197.98
3292.71,234.57,26.91,1198.35,1197.98
3292.71,234.57,26.91,1197.88,1197.98
3292.71,234.57,26.91,1197.88,1197.86
3292.71,234.57,26.91,1197.88,1197.86
3292.71,234.57,26.91,1197.88,1197.86
3292.71,234.57,26.91,1197.88,1197.86
3292.63,234.57,26.91,1197.88,1197.86
3292.63,234.58,26.91,1197.88,1197.86
3292.63,234.58,26.95,1197.88,1197.86
3292.63,234.58,26.95,1198.32,1197.86
3292.63,234.58,26.95,1198.32,1198.36
3292.63,234.58,26.95,1198.32,1198.36
3292.63,234.58,26.95,1198.32,1198.36
3292.63,234.58,26.95,1198.32,1198.36
3292.51,234.58,26.95,1198.32,1198.36
3292.51,234.55,26.95,1198.32,1198.36
3292.51,234.55,26.96,1198.32,1198.36
3292.51,234.55,26.96,1198.21,1198.36
3292.51,234.55,26.96,1198.21,1198.30
3292.51,234.55,26.96,1198.21,1198.30
3292.51,234.55,26.96,1198.21,1198.30
3292.51,234.55,26.96,1198.21,1198.30
3292.62,234.55,26.96,1198.21,1198.30
3292.62,234.60,26.96,1198.21,1198.30
3292.62,234.60,26.98,1198.21,1198.30
3292.62,234.60,26.98,1198.86,1198.30
3292.62,234.60,26.98,1198.86,1198.17
3292.62,234.60,26.98,1198.86,1198.17
3292.62,234.60,26.98,1198.86,1198.17
3292.62,234.60,26.98,1198.86,1198.17
3292.49,234.60,26.98,1198.86,1198.17
3292.49,234.64,26.98,1198.86,1198.17
3292.49,234.64,26.96,1198.86,1198.17
3292.49,234.64,26.96,1198.35,1198.17
3292.49,234.64,26.96,1198.35,1197.91
3292.49,234.64,26.96,1198.35,1197.91
3292.49,234.64,26.96,1198.35,1197.91
3292.49,234.64,26.96,1198.35,1197.91
3292.64,234.64,26.96,1198.35,1197.91
3292.64,234.58,26.96,1198.35,1197.91
3292.64,234.58,26.96,1198.35,1197.91
3292.64,234.58,26.96,1198.26,1197.91
3292.64,234.58,26.96,1198.26,1198.09
3292.64,234.58,26.96,1198.26,1198.09
3292.64,234.58,26.96,1198.26,1198.09
3292.64,234.58,26.96,1198.26,1198.09
3292.61,234.58,26.96,1198.26,1198.09
3292.61,234.58,26.96,1198.26,1198.09
3292.61,234.58,26.98,1198.26,1198.09
3292.61,234.58,26.98,1198.34,1198.09
3292.61,234.58,26.98,1198.34,1198.01
3292.61,234.58,26.98,1198.34,1198.01
3292.61,234.58,26.98,1198.34,1198.01
3292.61,234.58,26.98,1198.34,1198.01
3292.76,234.58,26.98,1198.34,1198.01
3292.76,234.57,26.98,1198.34,1198.01
3292.76,234.57,27.00,1198.34,1198.01
3292.76,234.57,27.00,1198.33,1198.01
3292.76,234.57,27.00,1198.33,1198.11
3292.76,234.57,27.00,1198.33,1198.11
3292.76,234.57,27.00,1198.33,1198.11
3292.76,234.57,27.00,1198.33,1198.11
3292.74,234.57,27.00,1198.33,1198.11
3292.74,234.58,27.00,1198.33,1198.11
3292.74,234.58,26.99,1198.33,1198.11
3292.74,234.58,26.99,1197.97,1198.11
3292.74,234.58,26.99,1197.97,1198.47
3292.74,234.58,26.99,1197.97,1198.47
3292.74,234.58,26.99,1197.97,1198.47
3292.74,234.58,26.99,1197.97,1198.47
3292.62,234.58,26.99,1197.97,1198.47
3292.62,234.56,26.99,1197.97,1198.47
3292.62,234.56,26.99,1197.97,1198.47
3292.62,234.56,26.99,1198.12,1198.47
3292.62,234.56,26.99,1198.12,1198.39
3292.62,234.56,26.99,1198.12,1198.39
3292.62,234.56,26.99,1198.12,1198.39
3292.62,234.56,26.99,1198.12,1198.39
3292.75,234.56,26.99,1198.12,1198.39
3292.75,234.57,26.99,1198.12,1198.39
3292.75,234.57,27.01,1198.12,1198.39
3292.75,234.57,27.01,1198.08,1198.39
3292.75,234.57,27.01,1198.08,1198.28
3292.75,234.57,27.01,1198.08,1198.28
3292.75,234.57,27.01,1198.08,1198.28
3292.75,234.57,27.01,1198.08,1198.28
3292.74,234.57,27.01,1198.08,1198.28
3292.74,234.62,27.01,1198.08,1198.28
3292.74,234.62,27.05,1198.08,1198.28
3292.74,234.62,27.05,1198.34,1198.28
3292.74,234.62,27.05,1198.34,1198.24
3292.74,234.62,27.05,1198.34,1198.24
3292.74,234.62,27.05,1198.34,1198.24
3292.74,234.62,27.05,1198.34,1198.24
3292.86,234.62,27.05,1198.34,1198.24
3292.86,234.66,27.05,1198.34,1198.24
3292.86,234.66,27.02,1198.34,1198.24
3292.86,234.66,27.02,1198.46,1198.24
3292.86,234.66,27.02,1198.46,1198.17
3292.86,234.66,27.02,1198.46,1198.17
3292.86,234.66,27.02,1198.46,1198.17
3292.86,234.66,27.02,1198.46,1198.17
3292.65,234.66,27.02,1198.46,1198.17
3292.65,234.66,27.02,1198.46,1198.17
3292.65,234.66,26.99,1198.46,1198.17
3292.65,234.66,26.99,1198.17,1198.17
3292.65,234.66,26.99,1198.17,1198.22
3292.65,234.66,26.99,1198.17,1198.22
3292.65,234.66,26.99,1198.17,1198.22
3292.65,234.66,26.99,1198.17,1198.22
3292.65,234.66,26.99,1198.17,1198.22
3292.65,234.61,26.99,1198.17,1198.22
3292.65,234.61,26.98,1198.17,1198.22
3292.65,234.61,26.98,1198.30,1198.22
3292.65,234.61,26.98,1198.30,1198.19
3292.65,234.61,26.98,1198.30,1198.19
3292.65,234.61,26.98,1198.30,1198.19
3292.65,234.61,26.98,1198.30,1198.19
3292.68,234.61,26.98,1198.30,1198.19
3292.68,234.60,26.98,1198.30,1198.19
3292.68,234.60,27.00,1198.30,1198.19
3292.68,234.60,27.00,1198.37,1198.19
3292.68,234.60,27.00,1198.37,1198.03
3292.68,234.60,27.00,1198.37,1198.03
3292.68,234.60,27.00,1198.37,1198.03
3292.68,234.60,27.00,1198.37,1198.03
3292.90,234.60,27.00,1198.37,1198.03
3292.90,234.59,27.00,1198.37,1198.03
3292.90,234.59,27.00,1198.37,1198.03
3292.90,234.59,27.00,1198.26,1198.03
3292.90,234.59,27.00,1198.26,1197.90
3292.90,234.59,27.00,1198.26,1197.90
3292.90,234.59,27.00,1198.26,1197.90
3292.90,234.59,27.00,1198.26,1197.90
3292.40,234.59,27.00,1198.26,1197.90
3292.40,234.59,27.00,1198.26,1197.90
3292.40,234.59,27.00,1198.26,1197.90
3292.40,234.59,27.00,1199.10,1197.90
3292.40,234.59,27.00,1199.10,1199.39
3292.40,234.59,27.00,1199.10,1199.39
3292.40,234.59,27.00,1199.10,1199.39
3292.40,234.59,27.00,1199.10,1199.39
3292.66,234.59,27.00,1199.10,1199.39
3292.66,234.62,27.00,1199.10,1199.39
3292.66,234.62,26.97,1199.10,1199.39
3292.66,234.62,26.97,1198.62,1199.39
3292.66,234.62,26.97,1198.62,1197.98
3292.66,234.62,26.97,1198.62,1197.98
3292.66,234.62,26.97,1198.62,1197.98
3292.66,234.62,26.97,1198.62,1197.98
3292.70,234.62,26.97,1198.62,1197.98
3292.70,234.59,26.97,1198.62,1197.98
3292.70,234.59,26.96,1198.62,1197.98
3292.70,234.59,26.96,1198.34,1197.98
3292.70,234.59,26.96,1198.34,1198.48
3292.70,234.59,26.96,1198.34,1198.48
3292.70,234.59,26.96,1198.34,1198.48
3292.70,234.59,26.96,1198.34,1198.48
3292.58,234.59,26.96,1198.34,1198.48
3292.58,234.58,26.96,1198.34,1198.48
3292.58,234.58,26.97,1198.34,1198.48
3292.58,234.58,26.97,1198.15,1198.48
3292.58,234.58,26.97,1198.15,1198.60
3292.58,234.58,26.97,1198.15,1198.60
3292.58,234.58,26.97,1198.15,1198.60
3292.58,234.58,26.97,1198.15,1198.60
3292.54,234.58,26.97,1198.15,1198.60
3292.54,234.57,26.97,1198.15,1198.60
3292.54,234.57,26.98,1198.15,1198.60
3292.54,234.57,26.98,1198.54,1198.60
3292.54,234.57,26.98,1198.54,1198.02
3292.54,234.57,26.98,1198.54,1198.02
3292.54,234.57,26.98,1198.54,1198.02
3292.54,234.57,26.98,1198.54,1198.02
3292.64,234.57,26.98,1198.54,1198.02
3292.64,234.57,26.98,1198.54,1198.02
3292.64,234.57,26.96,1198.54,1198.02
3292.64,234.57,26.96,1198.05,1198.02
3292.64,234.57,26.96,1198.05,1198.77
3292.64,234.57,26.96,1198.05,1198.77
3292.64,234.57,26.96,1198.05,1198.77
3292.64,234.57,26.96,1198.05,1198.77
3292.65,234.57,26.96,1198.05,1198.77
3292.65,234.58,26.96,1198.05,1198.77
3292.65,234.58,26.99,1198.05,1198.77
3292.65,234.58,26.99,1199.07,1198.77
3292.65,234.58,26.99,1199.07,1198.09
3292.65,234.58,26.99,1199.07,1198.09
3292.65,234.58,26.99,1199.07,1198.09
3292.65,234.58,26.99,1199.07,1198.09
3292.58,234.58,26.99,1199.07,1198.09
3292.58,234.56,26.99,1199.07,1198.09
3292.58,234.56,26.97,1199.07,1198.09
3292.58,234.56,26.97,1199.09,1198.09
3292.58,234.56,26.97,1199.09,1198.15
3292.58,234.56,26.97,1199.09,1198.15
3292.58,234.56,26.97,1199.09,1198.15
3292.58,234.56,26.97,1199.09,1198.15
3292.67,234.56,26.97,1199.09,1198.15
3292.67,234.54,26.97,1199.09,1198.15
3292.67,234.54,26.97,1199.09,1198.15
3292.67,234.54,26.97,1198.26,1198.15
3292.67,234.54,26.97,1198.26,1198.21
3292.67,234.54,26.97,1198.26,1198.21
3292.67,234.54,26.97,1198.26,1198.21
3292.67,234.54,26.97,1198.26,1198.21
3292.46,234.54,26.97,1198.26,1198.21
3292.46,234.56,26.97,1198.26,1198.21
3292.46,234.56,26.98,1198.26,1198.21
3292.46,234.56,26.98,1198.05,1198.21
3292.46,234.56,26.98,1198.05,1198.20
3292.46,234.56,26.98,1198.05,1198.20
3292.46,234.56,26.98,1198.05,1198.20
3292.46,234.56,26.98,1198.05,1198.20
3292.52,234.56,26.98,1198.05,1198.20
3292.52,234.56,26.98,1198.05,1198.20
3292.52,234.56,27.00,1198.05,1198.20
3292.52,234.56,27.00,1198.21,1198.20
3292.52,234.56,27.00,1198.21,1197.95
3292.52,234.56,27.00,1198.21,1197.95
3292.52,234.56,27.00,1198.21,1197.95
3292.52,234.56,27.00,1198.21,1197.95
3292.83,234.56,27.00,1198.21,1197.95
3292.83,234.60,27.00,1198.21,1197.95
3292.83,234.60,26.96,1198.21,1197.95
3292.83,234.60,26.96,1198.27,1197.95
3292.83,234.60,26.96,1198.27,1198.31
3292.83,234.60,26.96,1198.27,1198.31
3292.83,234.60,26.96,1198.27,1198.31
3292.83,234.60,26.96,1198.27,1198.31
3292.63,234.60,26.96,1198.27,1198.31
3292.63,234.67,26.96,1198.27,1198.31
3292.63,234.67,26.96,1198.27,1198.31
3292.63,234.67,26.96,1198.24,1198.31
3292.63,234.67,26.96,1198.24,1198.37
3292.63,234.67,26.96,1198.24,1198.37
3292.63,234.67,26.96,1198.24,1198.37
3292.63,234.67,26.96,1198.24,1198.37
3292.47,234.67,26.96,1198.24,1198.37
3292.47,249.29,26.96,1198.24,1198.37
3292.47,249.29,26.93,1198.24,1198.37
3292.47,249.29,26.93,1198.44,1198.37
3292.47,249.29,26.93,1198.44,1198.14
3292.47,249.29,26.93,1198.44,1198.14
3292.47,249.29,26.93,1198.44,1198.14
3292.47,249.29,26.93,1198.44,1198.14
3292.65,249.29,26.93,1198.44,1198.14
3292.65,235.66,26.93,1198.44,1198.14
3292.65,235.66,26.95,1198.44,1198.14
3292.65,235.66,26.95,1198.73,1198.14
3292.65,235.66,26.95,1198.73,1197.86
3292.65,235.66,26.95,1198.73,1197.86
3292.65,235.66,26.95,1198.73,1197.86
3292.65,235.66,26.95,1198.73,1197.86
3292.68,235.66,26.95,1198.73,1197.86
3292.68,235.77,26.95,1198.73,1197.86
3292.68,235.77,26.93,1198.73,1197.86
3292.68,235.77,26.93,1198.03,1197.86
3292.68,235.77,26.93,1198.03,1198.76
3292.68,235.77,26.93,1198.03,1198.76
3292.68,235.77,26.93,1198.03,1198.76
3292.68,235.77,26.93,1198.03,1198.76
3292.55,235.77,26.93,1198.03,1198.76
3292.55,240.98,26.93,1198.03,1198.76
3292.55,240.98,26.88,1198.03,1198.76
3292.55,240.98,26.88,1198.98,1198.76
3292.55,240.98,26.88,1198.98,1198.67
3292.55,240.98,26.88,1198.98,1198.67
3292.55,240.98,26.88,1198.98,1198.67
3292.55,240.98,26.88,1198.98,1198.67
3292.47,240.98,26.88,1198.98,1198.67
3292.47,240.90,26.88,1198.98,1198.67
3292.47,240.90,26.88,1198.98,1198.67
3292.47,240.90,26.88,1198.93,1198.67
3292.47,240.90,26.88,1198.93,1197.96
3292.47,240.90,26.88,1198.93,1197.96
3292.47,240.90,26.88,1198.93,1197.96
3292.47,240.90,26.88,1198.93,1197.96
3292.69,240.90,26.88,1198.93,1197.96
3292.69,241.27,26.88,1198.93,1197.96
3292.69,241.27,26.91,1198.93,1197.96
3292.69,241.27,26.91,1198.33,1197.96
3292.69,241.27,26.91,1198.33,1198.16
3292.69,241.27,26.91,1198.33,1198.16
3292.69,241.27,26.91,1198.33,1198.16
3292.69,241.27,26.91,1198.33,1198.16
3292.59,241.27,26.91,1198.33,1198.16
3292.59,242.57,26.91,1198.33,1198.16
3292.59,242.57,26.89,1198.33,1198.16
3292.59,242.57,26.89,1198.26,1198.16
3292.59,242.57,26.89,1198.26,1198.38
3292.59,242.57,26.89,1198.26,1198.38
3292.59,242.57,26.89,1198.26,1198.38
3292.59,242.57,26.89,1198.26,1198.38
3292.60,242.57,26.89,1198.26,1198.38
3292.60,242.41,26.89,1198.26,1198.38
3292.60,242.41,26.90,1198.26,1198.38
3292.60,242.41,26.90,1198.76,1198.38
3292.60,242.41,26.90,1198.76,1199.25
3292.60,242.41,26.90,1198.76,1199.25
3292.60,242.41,26.90,1198.76,1199.25
3292.60,242.41,26.90,1198.76,1199.25
3292.52,242.41,26.90,1198.76,1199.25
3292.52,242.43,26.90,1198.76,1199.25
3292.52,242.43,26.94,1198.76,1199.25
3292.52,242.43,26.94,1197.62,1199.25
3292.52,242.43,26.94,1197.62,1197.75
3292.52,242.43,26.94,1197.62,1197.75
3292.52,242.43,26.94,1197.62,1197.75
3292.52,242.43,26.94,1197.62,1197.75
3292.64,242.43,26.94,1197.62,1197.75
3292.64,240.91,26.94,1197.62,1197.75
3292.64,240.91,26.97,1197.62,1197.75
3292.64,240.91,26.97,1199.10,1197.75
3292.64,240.91,26.97,1199.10,1199.06
3292.64,240.91,26.97,1199.10,1199.06
3292.64,240.91,26.97,1199.10,1199.06
3292.64,240.91,26.97,1199.10,1199.06
3292.41,240.91,26.97,1199.10,1199.06
3292.41,240.71,26.97,1199.10,1199.06
3292.41,240.71,26.96,1199.10,1199.06
3292.41,240.71,26.96,1198.00,1199.06
3292.41,240.71,26.96,1198.00,1198.21
3292.41,240.71,26.96,1198.00,1198.21
3292.41,240.71,26.96,1198.00,1198.21
3292.41,240.71,26.96,1198.00,1198.21
3292.49,240.71,26.96,1198.00,1198.21
3292.49,240.87,26.96,1198.00,1198.21
3292.49,240.87,27.01,1198.00,1198.21
3292.49,240.87,27.01,1197.67,1198.21
3292.49,240.87,27.01,1197.67,1197.77
3292.49,240.87,27.01,1197.67,1197.77
3292.49,240.87,27.01,1197.67,1197.77
3292.49,240.87,27.01,1197.67,1197.77
3292.65,240.87,27.01,1197.67,1197.77
3292.65,236.30,27.01,1197.67,1197.77
3292.65,236.30,27.04,1197.67,1197.77
3292.65,236.30,27.04,1198.16,1197.77
3292.65,236.30,27.04,1198.16,1197.74
3292.65,236.30,27.04,1198.16,1197.74
3292.65,236.30,27.04,1198.16,1197.74
3292.65,236.30,27.04,1198.16,1197.74
3292.66,236.30,27.04,1198.16,1197.74
3292.66,234.60,27.04,1198.16,1197.74
3292.66,234.60,27.05,1198.16,1197.74
3292.66,234.60,27.05,1197.74,1197.74
3292.66,234.60,27.05,1197.74,1197.85
3292.66,234.60,27.05,1197.74,1197.85
3292.66,234.60,27.05,1197.74,1197.85
3292.66,234.60,27.05,1197.74,1197.85
3292.62,234.60,27.05,1197.74,1197.85
3292.62,234.62,27.05,1197.74,1197.85
3292.62,234.62,27.06,1197.74,1197.85
3292.62,234.62,27.06,1197.95,1197.85
3292.62,234.62,27.06,1197.95,1198.49
3292.62,234.62,27.06,1197.95,1198.49
3292.62,234.62,27.06,1197.95,1198.49
3292.62,234.62,27.06,1197.95,1198.49
3292.83,234.62,27.06,1197.95,1198.49
3292.83,234.68,27.06,1197.95,1198.49
3292.83,234.68,27.06,1197.95,1198.49
3292.83,234.68,27.06,1198.18,1198.49
3292.83,234.68,27.06,1198.18,1198.17
3292.83,234.68,27.06,1198.18,1198.17
3292.83,234.68,27.06,1198.18,1198.17
3292.83,234.68,27.06,1198.18,1198.17
3292.82,234.68,27.06,1198.18,1198.17
3292.82,235.74,27.06,1198.18,1198.17
3292.82,235.74,27.05,1198.18,1198.17
3292.82,235.74,27.05,1198.26,1198.17
3292.82,235.74,27.05,1198.26,1198.16
3292.82,235.74,27.05,1198.26,1198.16
3292.82,235.74,27.05,1198.26,1198.16
3292.82,235.74,27.05,1198.26,1198.16
3292.67,235.74,27.05,1198.26,1198.16
3292.67,234.58,27.05,1198.26,1198.16
3292.67,234.58,27.06,1198.26,1198.16
3292.67,234.58,27.06,1198.16,1198.16
3292.67,234.58,27.06,1198.16,1198.18
3292.67,234.58,27.06,1198.16,1198.18
3292.67,234.58,27.06,1198.16,1198.18
3292.67,234.58,27.06,1198.16,1198.18
3292.55,234.58,27.06,1198.16,1198.18
3292.55,234.64,27.06,1198.16,1198.18
3292.55,234.64,27.06,1198.16,1198.18
3292.55,234.64,27.06,1199.09,1198.18
3292.55,234.64,27.06,1199.09,1198.16
3292.55,234.64,27.06,1199.09,1198.16
3292.55,234.64,27.06,1199.09,1198.16
3292.55,234.64,27.06,1199.09,1198.16
3292.54,234.64,27.06,1199.09,1198.16
3292.54,234.65,27.06,1199.09,1198.16
3292.54,234.65,27.03,1199.09,1198.16
3292.54,234.65,27.03,1198.18,1198.16
3292.54,234.65,27.03,1198.18,1197.99
3292.54,234.65,27.03,1198.18,1197.99
3292.54,234.65,27.03,1198.18,1197.99
3292.54,234.65,27.03,1198.18,1197.99
3292.52,234.65,27.03,1198.18,1197.99
3292.52,234.63,27.03,1198.18,1197.99
3292.52,234.63,27.04,1198.18,1197.99
3292.52,234.63,27.04,1198.28,1197.99
3292.52,234.63,27.04,1198.28,1198.01
3292.52,234.63,27.04,1198.28,1198.01
3292.52,234.63,27.04,1198.28,1198.01
3292.52,234.63,27.04,1198.28,1198.01
3292.41,234.63,27.04,1198.28,1198.01
3292.41,234.61,27.04,1198.28,1198.01
3292.41,234.61,27.00,1198.28,1198.01
3292.41,234.61,27.00,1198.20,1198.01
3292.41,234.61,27.00,1198.20,1197.66
3292.41,234.61,27.00,1198.20,1197.66
3292.41,234.61,27.00,1198.20,1197.66
3292.41,234.61,27.00,1198.20,1197.66
3292.58,234.61,27.00,1198.20,1197.66
3292.58,234.60,27.00,1198.20,1197.66
3292.58,234.60,27.02,1198.20,1197.66
3292.58,234.60,27.02,1198.27,1197.66
3292.58,234.60,27.02,1198.27,1198.06
3292.58,234.60,27.02,1198.27,1198.06
3292.58,234.60,27.02,1198.27,1198.06
3292.58,234.60,27.02,1198.27,1198.06
3292.48,234.60,27.02,1198.27,1198.06
3292.48,234.58,27.02,1198.27,1198.06
3292.48,234.58,26.95,1198.27,1198.06
3292.48,234.58,26.95,1198.18,1198.06
3292.48,234.58,26.95,1198.18,1198.15
3292.48,234.58,26.95,1198.18,1198.15
3292.48,234.58,26.95,1198.18,1198.15
3292.48,234.58,26.95,1198.18,1198.15
3292.71,234.58,26.95,1198.18,1198.15
3292.71,234.49,26.95,1198.18,1198.15
3292.71,234.49,26.93,1198.18,1198.15
3292.71,234.49,26.93,1198.09,1198.15
3292.71,234.49,26.93,1198.09,1198.20
3292.71,234.49,26.93,1198.09,1198.20
3292.71,234.49,26.93,1198.09,1198.20
3292.71,234.49,26.93,1198.09,1198.20
3292.61,234.49,26.93,1198.09,1198.20
3292.61,243.33,26.93,1198.09,1198.20
3292.61,243.33,26.96,1198.09,1198.20
3292.61,243.33,26.96,1198.55,1198.20
3292.61,243.33,26.96,1198.55,1198.13
3292.61,243.33,26.96,1198.55,1198.13
3292.61,243.33,26.96,1198.55,1198.13
3292.61,243.33,26.96,1198.55,1198.13
3292.82,243.33,26.96,1198.55,1198.13
3292.82,238.56,26.96,1198.55,1198.13
3292.82,238.56,26.91,1198.55,1198.13
3292.82,238.56,26.91,1197.91,1198.13
3292.82,238.56,26.91,1197.91,1198.58
3292.82,238.56,26.91,1197.91,1198.58
3292.82,238.56,26.91,1197.91,1198.58
3292.82,238.56,26.91,1197.91,1198.58
3292.66,238.56,26.91,1197.91,1198.58
3292.66,235.76,26.91,1197.91,1198.58
3292.66,235.76,26.96,1197.91,1198.58
3292.66,235.76,26.96,1198.01,1198.58
3292.66,235.76,26.96,1198.01,1198.31
3292.66,235.76,26.96,1198.01,1198.31
3292.66,235.76,26.96,1198.01,1198.31
3292.66,235.76,26.96,1198.01,1198.31
3292.82,235.76,26.96,1198.01,1198.31
3292.82,235.63,26.96,1198.01,1198.31
3292.82,235.63,26.96,1198.01,1198.31
3292.82,235.63,26.96,1198.29,1198.31
3292.82,235.63,26.96,1198.29,1198.21
3292.82,235.63,26.96,1198.29,1198.21
3292.82,235.63,26.96,1198.29,1198.21
3292.82,235.63,26.96,1198.29,1198.21
3292.98,235.63,26.96,1198.29,1198.21
3292.98,235.46,26.96,1198.29,1198.21
3292.98,235.46,26.96,1198.29,1198.21
3292.98,235.46,26.96,1198.28,1198.21
3292.98,235.46,26.96,1198.28,1198.52
3292.98,235.46,26.96,1198.28,1198.52
3292.98,235.46,26.96,1198.28,1198.52
3292.98,235.46,26.96,1198.28,1198.52
3292.90,235.46,26.96,1198.28,1198.52
3292.90,235.46,26.96,1198.28,1198.52
3292.90,235.46,26.96,1198.28,1198.52
3292.90,235.46,26.96,1198.03,1198.52
3292.90,235.46,26.96,1198.03,1198.39
3292.90,235.46,26.96,1198.03,1198.39
3292.90,235.46,26.96,1198.03,1198.39
3292.90,235.46,26.96,1198.03,1198.39
3292.79,235.46,26.96,1198.03,1198.39
3292.79,235.37,26.96,1198.03,1198.39
3292.79,235.37,26.94,1198.03,1198.39
3292.79,235.37,26.94,1198.59,1198.39
3292.79,235.37,26.94,1198.59,1198.23
3292.79,235.37,26.94,1198.59,1198.23
3292.79,235.37,26.94,1198.59,1198.23
3292.79,235.37,26.94,1198.59,1198.23
3292.61,235.37,26.94,1198.59,1198.23
3292.61,235.41,26.94,1198.59,1198.23
3292.61,235.41,26.96,1198.59,1198.23
3292.61,235.41,26.96,1198.11,1198.23
3292.61,235.41,26.96,1198.11,1198.21
3292.61,235.41,26.96,1198.11,1198.21
3292.61,235.41,26.96,1198.11,1198.21
3292.61,235.41,26.96,1198.11,1198.21
3292.80,235.41,26.96,1198.11,1198.21
3292.80,235.34,26.96,1198.11,1198.21
3292.80,235.34,26.99,1198.11,1198.21
3292.80,235.34,26.99,1198.79,1198.21
3292.80,235.34,26.99,1198.79,1198.11
3292.80,235.34,26.99,1198.79,1198.11
3292.80,235.34,26.99,1198.79,1198.11
3292.80,235.34,26.99,1198.79,1198.11
3292.71,235.34,26.99,1198.79,1198.11
3292.71,235.36,26.99,1198.79,1198.11
3292.71,235.36,27.03,1198.79,1198.11
3292.71,235.36,27.03,1198.12,1198.11
3292.71,235.36,27.03,1198.12,1198.23
3292.71,235.36,27.03,1198.12,1198.23
3292.71,235.36,27.03,1198.12,1198.23
3292.71,235.36,27.03,1198.12,1198.23
3292.70,235.36,27.03,1198.12,1198.23
3292.70,235.32,27.03,1198.12,1198.23
3292.70,235.32,27.03,1198.12,1198.23
3292.70,235.32,27.03,1198.73,1198.23
3292.70,235.32,27.03,1198.73,1198.87
3292.70,235.32,27.03,1198.73,1198.87
3292.70,235.32,27.03,1198.73,1198.87
3292.70,235.32,27.03,1198.73,1198.87
3292.54,235.32,27.03,1198.73,1198.87
3292.54,235.40,27.03,1198.73,1198.87
3292.54,235.40,27.07,1198.73,1198.87
3292.54,235.40,27.07,1198.10,1198.87
3292.54,235.40,27.07,1198.10,1198.00
3292.54,235.40,27.07,1198.10,1198.00
3292.54,235.40,27.07,1198.10,1198.00
3292.54,235.40,27.07,1198.10,1198.00
3292.66,235.40,27.07,1198.10,1198.00
3292.66,235.42,27.07,1198.10,1198.00
3292.66,235.42,27.08,1198.10,1198.00
3292.66,235.42,27.08,1198.58,1198.00
3292.66,235.42,27.08,1198.58,1198.35
3292.66,235.42,27.08,1198.58,1198.35
3292.66,235.42,27.08,1198.58,1198.35
3292.66,235.42,27.08,1198.58,1198.35
3292.67,235.42,27.08,1198.58,1198.35
3292.67,235.34,27.08,1198.58,1198.35
3292.67,235.34,27.03,1198.58,1198.35
3292.67,235.34,27.03,1197.78,1198.35
3292.67,235.34,27.03,1197.78,1198.30
3292.67,235.34,27.03,1197.78,1198.30
3292.67,235.34,27.03,1197.78,1198.30
3292.67,235.34,27.03,1197.78,1198.30
3292.69,235.34,27.03,1197.78,1198.30
3292.69,235.40,27.03,1197.78,1198.30
3292.69,235.40,27.06,1197.78,1198.30
3292.69,235.40,27.06,1198.22,1198.30
3292.69,235.40,27.06,1198.22,1198.38
3292.69,235.40,27.06,1198.22,1198.38
3292.69,235.40,27.06,1198.22,1198.38
3292.69,235.40,27.06,1198.22,1198.38
3292.70,235.40,27.06,1198.22,1198.38
3292.70,235.35,27.06,1198.22,1198.38
3292.70,235.35,27.07,1198.22,1198.38
3292.70,235.35,27.07,1198.05,1198.38
3292.70,235.35,27.07,1198.05,1198.39
3292.70,235.35,27.07,1198.05,1198.39
3292.70,235.35,27.07,1198.05,1198.39
3292.70,235.35,27.07,1198.05,1198.39
3292.52,235.35,27.07,1198.05,1198.39
3292.52,235.41,27.07,1198.05,1198.39
3292.52,235.41,27.08,1198.05,1198.39
3292.52,235.41,27.08,1198.10,1198.39
3292.52,235.41,27.08,1198.10,1198.51
3292.52,235.41,27.08,1198.10,1198.51
3292.52,235.41,27.08,1198.10,1198.51
3292.52,235.41,27.08,1198.10,1198.51
3292.52,235.41,27.08,1198.10,1198.51
3292.52,235.35,27.08,1198.10,1198.51
3292.52,235.35,27.09,1198.10,1198.51
3292.52,235.35,27.09,1198.21,1198.51
3292.52,235.35,27.09,1198.21,1198.48
3292.52,235.35,27.09,1198.21,1198.48
3292.52,235.35,27.09,1198.21,1198.48
3292.52,235.35,27.09,1198.21,1198.48
3292.76,235.35,27.09,1198.21,1198.48
3292.76,235.33,27.09,1198.21,1198.48
3292.76,235.33,27.11,1198.21,1198.48
3292.76,235.33,27.11,1198.13,1198.48
3292.76,235.33,27.11,1198.13,1198.45
3292.76,235.33,27.11,1198.13,1198.45
3292.76,235.33,27.11,1198.13,1198.45
3292.76,235.33,27.11,1198.13,1198.45
3292.81,235.33,27.11,1198.13,1198.45
3292.81,235.27,27.11,1198.13,1198.45
3292.81,235.27,27.12,1198.13,1198.45
3292.81,235.27,27.12,1198.29,1198.45
3292.81,235.27,27.12,1198.29,1198.08
3292.81,235.27,27.12,1198.29,1198.08
3292.81,235.27,27.12,1198.29,1198.08
3292.81,235.27,27.12,1198.29,1198.08
3292.62,235.27,27.12,1198.29,1198.08
3292.62,235.24,27.12,1198.29,1198.08
3292.62,235.24,27.13,1198.29,1198.08
3292.62,235.24,27.13,1197.68,1198.08
3292.62,235.24,27.13,1197.68,1198.29
3292.62,235.24,27.13,1197.68,1198.29
3292.62,235.24,27.13,1197.68,1198.29
3292.62,235.24,27.13,1197.68,1198.29
3292.72,235.24,27.13,1197.68,1198.29
3292.72,235.29,27.13,1197.68,1198.29
3292.72,235.29,27.15,1197.68,1198.29
3292.72,235.29,27.15,1198.28,1198.29
3292.72,235.29,27.15,1198.28,1198.18
3292.72,235.29,27.15,1198.28,1198.18
3292.72,235.29,27.15,1198.28,1198.18
3292.72,235.29,27.15,1198.28,1198.18
3292.79,235.29,27.15,1198.28,1198.18
3292.79,235.29,27.15,1198.28,1198.18
3292.79,235.29,27.17,1198.28,1198.18
3292.79,235.29,27.17,1198.41,1198.18
3292.79,235.29,27.17,1198.41,1198.37
3292.79,235.29,27.17,1198.41,1198.37
3292.79,235.29,27.17,1198.41,1198.37
3292.79,235.29,27.17,1198.41,1198.37
3292.72,235.29,27.17,1198.41,1198.37
3292.72,235.28,27.17,1198.41,1198.37
3292.72,235.28,27.16,1198.41,1198.37
3292.72,235.28,27.16,1198.40,1198.37
3292.72,235.28,27.16,1198.40,1198.17
3292.72,235.28,27.16,1198.40,1198.17
3292.72,235.28,27.16,1198.40,1198.17
3292.72,235.28,27.16,1198.40,1198.17
3292.68,235.28,27.16,1198.40,1198.17
3292.68,235.26,27.16,1198.40,1198.17
3292.68,235.26,27.15,1198.40,1198.17
3292.68,235.26,27.15,1198.36,1198.17
3292.68,235.26,27.15,1198.36,1197.94
3292.68,235.26,27.15,1198.36,1197.94
3292.68,235.26,27.15,1198.36,1197.94
3292.68,235.26,27.15,1198.36,1197.94
3292.72,235.26,27.15,1198.36,1197.94
3292.72,235.26,27.15,1198.36,1197.94
3292.72,235.26,27.16,1198.36,1197.94
3292.72,235.26,27.16,1198.55,1197.94
3292.72,235.26,27.16,1198.55,1198.48
3292.72,235.26,27.16,1198.55,1198.48
3292.72,235.26,27.16,1198.55,1198.48
3292.72,235.26,27.16,1198.55,1198.48
3292.82,235.26,27.16,1198.55,1198.48
3292.82,235.28,27.16,1198.55,1198.48
